,t,px,py,pz,qw,qx,qy,qz,vx,vy,vz,omex,omey,omez,accx,accy,accz,taux,tauy,tauz,jerkx,jerky,jerkz,snapx,snapy,snapz,bomex,bomey,bomez,baccx,baccy,baccz,mot1,mot2,mot3,mot4,motdex1,motdex2,motdex3,motdex4,f1,f2,f3,f4
1,0.02,-5.807669145967758,3.102958042416333,0.4984122933083769,1.0,1.2165270103623684e-27,5.303110032292305e-28,3.800941958135414e-28,-2.180962948194835e-25,-3.42201964213072e-26,-0.09797725679521012,-4.141282798647678e-26,2.3232383638905356e-26,-9.193392323964714e-27,5.007256263825908e-26,4.143794909345756e-27,-9.789743129156495,0.0,0.0,0.0,0.0,0.0,0.0,0.0,0.0,0.0,0.0,0.0,0.0,0.0,0.0,0.0,0.0,0.0,0.0,0.0,0.0,0.0,0.0,0.0,13.589821003714647,9.374648135561657,4.527894675437698,0.3497002880540374
2,0.03,-5.80766894982837,3.1029571267017775,0.4973311904617944,0.9999796222480861,0.0061976950386251626,0.0015152348574472064,-0.00021846764086808142,0.00011042653952126007,-0.0004915708903844991,-0.08804267148186966,3.3003247558186826,0.954381645512957,-0.12092196588399548,0.041252036296244375,-0.17296430537049046,6.207144867881042,0.0,0.0,0.0,0.0,0.0,0.0,0.0,0.0,0.0,0.0,0.0,0.0,0.0,0.0,0.0,0.0,2354.9915018443544,1019.769708898601,1613.1287270088285,0.0,2203.5244369900443,1440.3491266243693,1484.3758214388272,13.589821003714647,9.374648135561657,4.527894675437698,0.3497002880540374
3,0.04,-5.807662260630607,3.1029331027705185,0.4967032522495816,0.999480554874802,0.030430602692617253,0.010572835087831288,-0.0009022223270679991,0.0016242207516811143,-0.005356426747013293,-0.04158571465096066,6.10375391459966,2.536701857987164,-0.1323725768134862,0.26993719533619454,-0.7876417805921477,3.8026563652516496,0.0,0.0,0.0,0.0,0.0,0.0,0.0,0.0,0.0,0.0,0.0,0.0,0.0,0.0,0.0,501.2458852437453,1827.1019919965204,1356.151429475488,1558.4583754472128,738.4087530642934,1732.7979070302606,1373.3453561293163,1554.6129410871988,13.589821003714647,9.374648135561657,4.527894675437698,0.3497002880540374
4,0.05,-5.807625526878126,3.1028235968310334,0.49647197477247185,0.9975476693580738,0.0651344818887782,0.025581806938066238,-0.0013106414990957567,0.006395112447552378,-0.018107286434863357,-0.004871735333115064,7.625384358629596,3.4006538992698876,-0.06929487943687355,0.6655537446399913,-1.7093927260481319,3.625041220786463,0.0,0.0,0.0,0.0,0.0,0.0,0.0,0.0,0.0,0.0,0.0,0.0,0.0,0.0,0.0,977.0147150724453,1616.1868217804297,1416.5930214322116,1503.0189588717867,1055.0144064185,1575.7395785955568,1423.364863631493,1492.9021349989368,13.589821003714647,9.374648135561657,4.527894675437698,0.3497002880540374
5,0.060000000000000005,-5.807519293738794,3.102536894868718,0.4966014962908515,0.9934697011221402,0.10534253022665561,0.04380778659621011,-0.0013349574047676217,0.015663908371000918,-0.04103252132265296,0.03043562921874702,8.436372716809908,3.890834529376874,-0.008387697584239476,1.1493967688576812,-2.7832095443010085,3.4294078358058435,0.0,0.0,0.0,0.0,0.0,0.0,0.0,0.0,0.0,0.0,0.0,0.0,0.0,0.0,0.0,1165.638772206109,1505.6882464021162,1432.1398033684036,1472.817096007359,1203.236596593797,1481.8059164246004,1434.6741747363646,1465.9187794755624,17.613073556287624,3.053410362610135,1.3577425613281466,0.1923663439966474
6,0.07,-5.807295262068182,3.101965884268831,0.49707132261059367,0.9868792616078182,0.14833325619634513,0.06376177202729855,-0.0010022686945088577,0.030017455500800844,-0.07505496680161515,0.06293748010368481,8.870356358128733,4.168994497993555,0.04770021319604134,1.6728208271251308,-3.9124005959801504,3.0815688037837825,0.0,0.0,0.0,0.0,0.0,0.0,0.0,0.0,0.0,0.0,0.0,0.0,0.0,0.0,0.0,1260.1565700042022,1444.2717895769772,1435.2622357778137,1454.5008091884274,1280.1086895613664,1431.3152345148408,1435.2312215570203,1450.3464138030317,22.51301285802441,4.283972592948137,2.1533381785172354,0.10979502861977339
7,0.08,-5.80688496156574,3.1009608389758716,0.49795545663183594,0.9792154664499557,0.18555588912680335,0.08188979575825933,-0.00037898051118489905,0.053763988836100146,-0.12966164183887138,0.11832226821019606,6.105190352074136,3.0414984565520733,0.06269309183886343,2.7127340440285392,-6.166498062603207,5.934507897573924,0.0,0.0,0.0,0.0,0.0,0.0,0.0,0.0,0.0,0.0,0.0,0.0,0.0,0.0,0.0,1963.487481478035,982.5020866749633,1665.7287614984855,1523.2915515611073,1782.6509609480024,1344.279876885057,1613.352190547854,1608.4460906004042,24.719384297362925,4.018932205324162,2.2511165994818905,0.1696259892919757
8,0.09,-5.806180329878443,3.0992874528339205,0.49954557814379674,0.972325767470389,0.21323308381533437,0.09546819920930728,0.00027716322602186467,0.08939272785761176,-0.20982898997389202,0.20600302909079132,5.331431742016448,2.663403724014961,0.08716919560454223,4.067768369920927,-9.09393965220623,9.90526227736302,0.0,0.0,0.0,0.0,0.0,0.0,0.0,0.0,0.0,0.0,0.0,0.0,0.0,0.0,0.0,1913.8931630014024,1644.89264113042,1841.1767629882547,1749.525649792555,1934.1673611682313,1656.2788339406588,1842.6667183480417,1768.0244797510004,25.365735162486057,3.3642493046480206,2.11499219207436,0.22583633966539246
9,0.09999999999999999,-5.805059279118385,3.096684501447815,0.5021516430055891,0.9654156880237305,0.23739722555579668,0.10776792807879396,0.0010864132185695748,0.136397666161423,-0.3139858676697123,0.3172051503114234,4.703247372763212,2.4794646543242393,0.10093122666540003,5.071348607661729,-11.157716147285335,11.397029879453846,0.0,0.0,0.0,0.0,0.0,0.0,0.0,0.0,0.0,0.0,0.0,0.0,0.0,0.0,0.0,1941.6585198732269,1810.1873131131254,1920.448530917553,1863.161542267251,1935.4298648242673,1827.5555613480813,1917.682748885752,1875.324698501043,26.073800563363978,2.4920035884848026,1.843698608634621,0.27121818072819587
10,0.10999999999999999,-5.803427043144285,3.092958463692187,0.5058992276086424,0.958643822919371,0.2584390820424395,0.11919235377909533,0.0021081869447276253,0.19114661940458855,-0.43324070348490706,0.43210952090111654,4.063036014893725,2.320290931814726,0.11770692626116944,5.750006761835069,-12.419237856559128,11.359747852057566,0.0,0.0,0.0,0.0,0.0,0.0,0.0,0.0,0.0,0.0,0.0,0.0,0.0,0.0,0.0,1963.836815610372,1835.8889570736062,1953.5209696843692,1893.521129842437,1945.9394102368385,1858.7774890815783,1943.413197495976,1906.5678745786774,26.982553897420992,1.467994051440705,1.4547322497543056,0.304273746924867
11,0.11999999999999998,-5.80121390393033,3.0879797185831532,0.5107924258936148,0.952360211665675,0.27602573475884745,0.1296468155418542,0.0033947322141494192,0.2525394734289922,-0.5642915900161836,0.54633898661923,3.312261317680788,2.1114565439062223,0.13721109623910935,6.402011159172771,-13.531762115512768,11.302518926445293,0.0,0.0,0.0,0.0,0.0,0.0,0.0,0.0,0.0,0.0,0.0,0.0,0.0,0.0,0.0,1999.4638454597105,1846.9995591192273,1985.154451872988,1920.051039574572,1976.1431248199353,1876.4086774142409,1973.4101860801716,1934.4856812660964,27.675531754995703,1.008723292392441,1.1804012568750846,0.2799787282937934
12,0.12999999999999998,-5.798353302378565,3.081634779637873,0.5168300614161936,0.9470043411243199,0.28963008102101284,0.1388256530507497,0.00496307510393474,0.3206590992417171,-0.7063642262823099,0.6613350941140548,2.4317696691354107,1.823184198839675,0.15780917802308905,7.07158974739841,-14.58637146779429,11.456329431402178,0.0,0.0,0.0,0.0,0.0,0.0,0.0,0.0,0.0,0.0,0.0,0.0,0.0,0.0,0.0,2046.91415111726,1861.9574036796398,2020.424286013119,1953.2628882770357,2018.8852979151739,1898.145479954236,2008.3238321825302,1968.602262150127,27.484479397553027,0.2913995489902359,0.6712595194462644,0.2851987348925384
13,0.13999999999999999,-5.794779842161954,3.073821849672053,0.5240232386490639,0.9427384925323923,0.29952643961316994,0.1465695274459757,0.006739458040093241,0.39495900594037925,-0.8574666475362549,0.7773491687292883,1.7654575235614751,1.5432688806750143,0.17415256734514303,7.652858688951825,-15.389001174725413,11.551483647547656,0.0,0.0,0.0,0.0,0.0,0.0,0.0,0.0,0.0,0.0,0.0,0.0,0.0,0.0,0.0,2064.352789827047,1905.9152439784336,2030.821067162278,1986.5801957007163,2044.6641067141002,1931.3879803042485,2024.4613980773051,1994.639508839968,26.637267008885495,-0.6176924639791836,0.07498292628104186,0.280095396213146
14,0.15,-5.7904423993384695,3.0644745864640313,0.5323634472567055,0.9396122580573467,0.30617322584423273,0.15268586121785707,0.00858999817648227,0.47298998307536316,-1.0122867793748938,0.8899699245928946,1.0629615596507862,1.1588731907511918,0.18785225316683885,7.926581953551337,-15.563507652273655,11.08912731916034,0.0,0.0,0.0,0.0,0.0,0.0,0.0,0.0,0.0,0.0,0.0,0.0,0.0,0.0,0.0,2068.233120954401,1892.0973082803057,2014.706765955142,1990.1888430609317,2041.5840446795678,1922.0726764593746,2009.19662497306,1994.560659347459,25.94603945364428,-1.0492659459701414,-0.14636236755496215,0.28508853227180514
15,0.16,-5.785318726067784,3.053584879035581,0.5417943128325261,0.9379083695195657,0.30929209159886406,0.15670949081186156,0.010412874196719352,0.5517478640266186,-1.1651385360506628,0.9950131087501919,0.2600371506790959,0.6817779096999238,0.19950581575323606,7.898664657144394,-15.192189209437545,10.269098509161022,0.0,0.0,0.0,0.0,0.0,0.0,0.0,0.0,0.0,0.0,0.0,0.0,0.0,0.0,0.0,2056.2356334155083,1845.389208829636,1980.9223812736868,1961.4662536120898,2022.8377903328833,1881.2213478815709,1973.2868810564316,1965.5575325028651,24.62069536579683,-1.3573754076558222,-0.2994975421065892,0.2917342792673448
16,0.17,-5.779409853308589,3.0411858579026254,0.5522409493898188,0.9376079624284822,0.3091246622708945,0.15869716909000864,0.012184436360888706,0.6299048559846994,-1.3140007434138468,1.0934802209051695,-0.35338076113687805,0.3220233752184331,0.20919925895287425,7.803327653710834,-14.74797806619188,9.692851610216602,0.0,0.0,0.0,0.0,0.0,0.0,0.0,0.0,0.0,0.0,0.0,0.0,0.0,0.0,0.0,2012.6965242429837,1841.2368413539366,1955.1824390249706,1934.6950317721107,1990.0676939273444,1864.0193294648611,1948.3735297781045,1938.4865953221583,22.374452473246553,-1.5999081647469378,-0.2894638448726882,0.29705469280679364
17,0.18000000000000002,-5.772731060492006,3.027332507950243,0.5636324130911575,0.9383838526313706,0.3064457275362573,0.1591614765725833,0.013942222588783568,0.70534283549131,-1.4553410214866873,1.183483857599916,-0.8247458470674335,0.05028653215635939,0.21829313826097047,7.450900479906597,-13.861797649992402,8.767291948894806,0.0,0.0,0.0,0.0,0.0,0.0,0.0,0.0,0.0,0.0,0.0,0.0,0.0,0.0,0.0,1945.2538967767707,1812.7220037543518,1904.8436998580903,1887.084866946339,1926.9239504863735,1827.84150215253,1898.315906441066,1888.2643769618614,23.168970585809703,-1.7391485502237858,-0.27377956153534094,0.30294672154642305
18,0.19000000000000003,-5.765324768101213,3.012126364048774,0.5758586656250785,0.9399416610184077,0.3018374823263546,0.15860538589653342,0.015752450903145383,0.7749285952983106,-1.5837294121362002,1.259537945061332,-1.1891757620843975,-0.09697260191799681,0.22698116958615175,6.773798576393042,-12.40733191524912,7.21304496898334,0.0,0.0,0.0,0.0,0.0,0.0,0.0,0.0,0.0,0.0,0.0,0.0,0.0,0.0,0.0,1840.3182726544505,1746.5564658490796,1823.3166920330304,1796.1580617284164,1825.557144511203,1753.6249353494438,1813.2354994511697,1797.1829643176036,25.360165696397832,-1.7351658157066512,-0.228485231821148,0.3085778566738607
19,0.20000000000000004,-5.757231705605325,2.9956634534466016,0.5888313594424565,0.9420152665629931,0.2957898807953459,0.15748973097905503,0.017679610218366653,0.8439348795521858,-1.708944588527058,1.3360135582159338,-1.4463185969791612,-0.17481491588873227,0.23538964304680532,6.942895392967219,-12.498196687487306,7.86179849131563,0.0,0.0,0.0,0.0,0.0,0.0,0.0,0.0,0.0,0.0,0.0,0.0,0.0,0.0,0.0,1849.9785659743009,1790.3846054718445,1848.5123816496828,1822.1127955463846,1844.6840244249793,1799.0168762140681,1845.232522544885,1827.657502728049,25.22466036171056,-1.628713308859986,-0.12909949135861926,0.3126345654794459
20,0.21000000000000005,-5.748427246798299,2.977921592427037,0.6026354748512376,0.9443609969990954,0.2888331604819503,0.15610481793911363,0.01972304664799512,0.917844704783825,-1.8405840183705258,1.4275643392623687,-1.578842131185466,-0.1989237063748026,0.243545075329642,7.550814572509057,-13.331013416040483,9.699524390399006,0.0,0.0,0.0,0.0,0.0,0.0,0.0,0.0,0.0,0.0,0.0,0.0,0.0,0.0,0.0,1916.3425025611402,1889.0516971718662,1925.5877056151098,1907.3795573432476,1918.61923851712,1895.5514260711363,1927.327541463235,1913.5218780477023,25.09149207172637,-1.4677303351175335,0.0017935918577165755,0.31719750636312316
21,0.22000000000000006,-5.7388719835531115,2.9588557326360307,0.6174003604606418,0.9467487766760109,0.28151909704995814,0.15471147128052556,0.02186578406708427,0.9931320136256905,-1.971989343622711,1.5257414228760886,-1.5984103974703967,-0.16865645680571953,0.251311203232706,7.509536775425096,-12.98021515490122,9.908391496897817,0.0,0.0,0.0,0.0,0.0,0.0,0.0,0.0,0.0,0.0,0.0,0.0,0.0,0.0,0.0,1901.5969466150184,1902.8008834189598,1921.2220114389402,1909.1620744548577,1903.9712936385986,1900.756469896594,1920.0514071558418,1909.846271786682,25.50462320393139,-1.2547738657657879,0.14253553277884418,0.32040877610546264
22,0.23000000000000007,-5.72856697390903,2.9384954750545558,0.6331541832968256,0.9489976982781251,0.27430680598870144,0.15355268052486754,0.02409811516956608,1.06776492642844,-2.0993904459521446,1.6252099746068585,-1.5334820819537593,-0.09451334974652696,0.25867703076598925,7.440717132229713,-12.567736642942418,10.008463174402404,0.0,0.0,0.0,0.0,0.0,0.0,0.0,0.0,0.0,0.0,0.0,0.0,0.0,0.0,0.0,1885.6024802870002,1909.5718001265288,1913.9953596900934,1906.1376433797523,1890.8145615322421,1904.34698293061,1913.3929522356557,1905.8782778784507,25.869388018873693,-1.022352812609815,0.30046024284554185,0.3216528503463979
23,0.24000000000000007,-5.71751427738559,2.9168740354533527,0.6499191125864004,0.9509808386945655,0.26755642070501784,0.1528124857532565,0.026407392397036617,1.142928188806981,-2.2246322092988535,1.728528014561888,-1.3989293226870192,0.008556363667958018,0.265570202517527,7.544778036524313,-12.42964400398927,10.494909847179379,0.0,0.0,0.0,0.0,0.0,0.0,0.0,0.0,0.0,0.0,0.0,0.0,0.0,0.0,0.0,1892.1725387904792,1932.931902534407,1925.7947859242977,1922.721756037766,1900.6058811332523,1926.5604812422837,1927.1376545406877,1922.5053622615603,26.061679262314605,-0.7431893929582064,0.4608151056094532,0.32239209365462107
24,0.25000000000000006,-5.705704424075183,2.894007007837215,0.6677407660541821,0.9526145005124071,0.261538002914941,0.1526276270802561,0.02878009549344361,1.2192286188762456,-2.348526507413964,1.8364824500310784,-1.2189349289894809,0.13579087239787316,0.2718401131697271,7.668409389822939,-12.302376502645984,10.940281374695271,0.0,0.0,0.0,0.0,0.0,0.0,0.0,0.0,0.0,0.0,0.0,0.0,0.0,0.0,0.0,1900.396351474115,1953.1050684109803,1937.6976563820108,1937.1466823997566,1910.2784335503557,1945.2705703337188,1939.3125051917996,1936.5877095972583,26.18081246061276,-0.4396045569526371,0.6162823629400037,0.3238600572741974
25,0.26000000000000006,-5.693126272184622,2.8699092203723318,0.6866597104436576,0.9538390757209219,0.2564709414623546,0.15310201785303598,0.031200095233826542,1.296565835501741,-2.4707228167209436,1.9477284188149342,-0.9917807114051692,0.27754236190381937,0.27746163714166366,7.772522686411598,-12.127159533718235,11.215651905646995,0.0,0.0,0.0,0.0,0.0,0.0,0.0,0.0,0.0,0.0,0.0,0.0,0.0,0.0,0.0,1903.4838605496793,1965.8776773158147,1942.6445611674078,1946.1107761857643,1914.4360883918857,1956.4118822378746,1944.7866652114587,1944.4339132625166,26.271259634652868,-0.13413802481213272,0.7733720323220099,0.3262916578984901
26,0.2700000000000001,-5.679769604123498,2.8445985316458344,0.7067021991479395,0.9546090791786004,0.2525516862404901,0.15429625313067205,0.033642502830577556,1.3749540781283422,-2.5911296910609423,2.061026110990565,-0.728911963221673,0.425396868153656,0.282562630799034,7.8866203209044805,-11.959749739705927,11.383637522049739,0.0,0.0,0.0,0.0,0.0,0.0,0.0,0.0,0.0,0.0,0.0,0.0,0.0,0.0,0.0,1905.081119248887,1974.096967300332,1944.6042298120392,1952.5042560808363,1916.729216942995,1963.6755941526344,1947.3575856005489,1949.9690870823256,26.31246262958177,0.1572646596430312,0.9171938888609723,0.32673984727984895
27,0.2800000000000001,-5.665622947514376,2.8180915860688303,0.7278844205397134,0.9548979459664103,0.2499109438515605,0.1562440575160928,0.036086388337717,1.4546097177435227,-2.7100427634664346,2.175558941363434,-0.4465767963956153,0.5775660298607842,0.28733287541970753,8.027059344748677,-11.831067628246483,11.478772198799447,0.0,0.0,0.0,0.0,0.0,0.0,0.0,0.0,0.0,0.0,0.0,0.0,0.0,0.0,0.0,1906.7672004171884,1979.6780896254072,1946.4593986757422,1956.9603261733778,1918.7624724452107,1968.801669301382,1949.408321379166,1954.1448591786746,26.308089536102433,0.41221260922074116,1.0603764658931993,0.3259791932667836
28,0.2900000000000001,-5.650672439692528,2.7904015058440157,0.7502146508563979,0.9546975414229234,0.24860148183779665,0.1589538244997448,0.03851738965690391,1.5357630701758118,-2.827819168412025,2.290488386068405,-0.16063196672280375,0.7261573030010077,0.29172170771460576,8.189068641278663,-11.737154057722243,11.485658329641435,0.0,0.0,0.0,0.0,0.0,0.0,0.0,0.0,0.0,0.0,0.0,0.0,0.0,0.0,0.0,1908.7611858630714,1981.7354606258884,1946.8038308627858,1959.0478497833844,1920.3753866777936,1971.0330768625095,1949.7895552047737,1956.020117548992,26.28451916547138,0.6634945882795588,1.1956626112828759,0.32426505043339154
29,0.3000000000000001,-5.634902029226591,2.7615378702280937,0.7736925049291906,0.9540174081271388,0.24859071144918796,0.1624136120866206,0.04092996189272179,1.6186283589986603,-2.9448162591119122,2.4049487279813344,0.109780964374049,0.8727242429109037,0.295650255935478,8.37230437130243,-11.678410411694262,11.407077021236667,0.0,0.0,0.0,0.0,0.0,0.0,0.0,0.0,0.0,0.0,0.0,0.0,0.0,0.0,0.0,1910.4241263492047,1980.9423290631723,1946.8402066143256,1957.9171892303743,1921.3078539233343,1970.7340239052155,1949.2325439576052,1955.3150002779887,26.23086173352473,0.8980288246641641,1.3063548120110842,0.32350855582464816
30,0.3100000000000001,-5.618293333610311,2.731506455965506,0.7983096363288104,0.952867832358267,0.24981608215540704,0.166607261629535,0.04332250599501892,1.7034679089623264,-3.0614489282948165,2.5182417857200456,0.3713710248405672,1.014519280848043,0.2990873863574457,8.583386032556373,-11.662950484235157,11.264919308788812,0.0,0.0,0.0,0.0,0.0,0.0,0.0,0.0,0.0,0.0,0.0,0.0,0.0,0.0,0.0,1911.4017513062859,1979.3979945364056,1945.6483072652977,1956.3934835585271,1921.8468421138298,1969.50225585099,1947.9591543149322,1953.812942541067,26.154421704682285,1.10076146750387,1.4068787950446522,0.32458602827174404
31,0.3200000000000001,-5.600825348980366,2.700308913301543,0.8240510201394944,0.9512564869007035,0.25222033678562367,0.171490011568929,0.04568559699913371,1.7905241325691683,-3.178104014919055,2.6296884915653616,0.6198251790459649,1.142724787790846,0.3021471073432367,8.816306078453628,-11.683399803548156,11.053470563496592,0.0,0.0,0.0,0.0,0.0,0.0,0.0,0.0,0.0,0.0,0.0,0.0,0.0,0.0,0.0,1912.181868159221,1975.6375151343948,1942.787623538675,1954.5939971747296,1921.7071663668746,1966.4579321207743,1945.2108578043383,1951.8212784642162,26.061916368865614,1.2693922206734038,1.490196390428184,0.32383851101661754
32,0.3300000000000001,-5.5824748499242105,2.6679432258927935,0.8508949231385329,0.9491981684767266,0.2557149204799563,0.17699605045433514,0.048011608262210556,1.8800044156138411,-3.295135584917422,2.7386466239359373,0.8461091344735727,1.2591295365375026,0.3050623639076759,9.06862325371316,-11.737575751145979,10.780326396746531,0.0,0.0,0.0,0.0,0.0,0.0,0.0,0.0,0.0,0.0,0.0,0.0,0.0,0.0,0.0,1912.4002154397986,1970.3239876701257,1939.9897272607345,1951.4218081298827,1920.910940158549,1961.9800259197973,1942.0798210160738,1948.914956363347,25.938835353358655,1.383583480249333,1.5680707992313319,0.32216709437161856
33,0.34000000000000014,-5.56321664843102,2.6344039838008326,0.8788135950226544,0.9467147166444851,0.2601761849948452,0.18305600273163594,0.050300078669875604,1.972093942368388,-3.412865452656294,2.8445566698751312,1.0447539608892826,1.3611582991849072,0.3077778247317311,9.338022682520153,-11.82157189712596,10.454192301458942,0.0,0.0,0.0,0.0,0.0,0.0,0.0,0.0,0.0,0.0,0.0,0.0,0.0,0.0,0.0,1912.824968986607,1963.8844267299303,1936.6814010358269,1947.2342356827455,1920.1152154386093,1956.6303436380363,1938.4236561348198,1945.0031793007308,25.832262722073473,1.4691940415991591,1.6401101176119468,0.3189581810735534
34,0.35000000000000014,-5.543024042213254,2.599683057925137,0.9077736831981329,0.9438394347823028,0.2654359145490204,0.18960041567764666,0.052560241553972584,2.0668994771895224,-3.5314980826848963,2.9468365462505757,1.2027318261095168,1.4528806301515964,0.3101809864603049,9.6147321336284,-11.919952809913426,10.069135890980352,0.0,0.0,0.0,0.0,0.0,0.0,0.0,0.0,0.0,0.0,0.0,0.0,0.0,0.0,0.0,1912.6986719584088,1955.890955595179,1933.440086939316,1940.6074855530737,1918.554422879536,1949.8776927424494,1934.2618635264505,1939.1808524895719,25.720624648092052,1.5313395161977308,1.6829812461478562,0.31696255154586156
35,0.36000000000000015,-5.521869109792861,2.5637703028919687,0.9377370400523926,0.9406088383323209,0.2713116455658167,0.19657305730699132,0.05480909935834508,2.1645919480603992,-3.651271832003301,3.045175954202471,1.326622051967475,1.5361225265366465,0.3121427525824571,9.911624396957475,-12.043754527880424,9.66451517415745,0.0,0.0,0.0,0.0,0.0,0.0,0.0,0.0,0.0,0.0,0.0,0.0,0.0,0.0,0.0,1912.742989794727,1948.967595593926,1930.5926433680718,1934.3976539497328,1917.5745597486025,1943.975141188735,1930.830193080985,1933.613834489043,25.60909468020325,1.558624427209385,1.7171968049943886,0.3169862781943457
36,0.37000000000000016,-5.499722230869913,2.5266534385965698,0.9686629620563573,0.9370588451572831,0.2776502001687441,0.20390155488861725,0.05705473663737086,2.265304472721686,-3.772334817049347,3.1393013007844424,1.4213396939380012,1.6015261807941183,0.31373217805117876,10.217923097994852,-12.176646792034784,9.230610332773725,0.0,0.0,0.0,0.0,0.0,0.0,0.0,0.0,0.0,0.0,0.0,0.0,0.0,0.0,0.0,1912.966748960603,1941.2372462863684,1926.4567866546095,1929.43996910297,1916.4818403595243,1937.4684975014147,1926.6441307671105,1928.7203923163443,25.498710222855024,1.5655813682107722,1.739286098359286,0.31437053674542137
37,0.38000000000000017,-5.476552791301788,2.4883191974242846,1.000508020490858,0.9332316673394174,0.2843056499785863,0.21149977863676742,0.059302580902880875,2.3691143538845227,-3.894753405826234,3.22896776077571,1.4838488398408252,1.6535047118056376,0.31516057779992207,10.530402905097436,-12.313554501507173,8.775296279894373,0.0,0.0,0.0,0.0,0.0,0.0,0.0,0.0,0.0,0.0,0.0,0.0,0.0,0.0,0.0,1912.7354286708496,1933.4702680457624,1923.0130570319313,1924.2084483296362,1915.087408407463,1930.8049050991585,1922.7409928552195,1923.974139391976,25.37082556464306,1.530234271769481,1.7532906818521918,0.31025325334329895
38,0.3900000000000002,-5.452329567864671,2.4487539361711645,1.0332266786103983,0.9291700901610715,0.29114071296553934,0.21929471331597075,0.06156181865125362,2.476066005244331,-4.018535489310045,3.3139950714856417,1.5202116411507198,1.6924050825266161,0.31628877166197145,10.84578940593195,-12.448717209875504,8.304312251710577,0.0,0.0,0.0,0.0,0.0,0.0,0.0,0.0,0.0,0.0,0.0,0.0,0.0,0.0,0.0,1912.3331699510782,1926.3603136069223,1919.149035559747,1919.0154268190117,1913.7200410147173,1924.65240031,1918.61594043911,1919.038859121183,25.285779597675372,1.4627206502785524,1.7656128040985262,0.3034453550019098
39,0.4000000000000002,-5.427021292812601,2.4079444796519756,1.066771483294229,0.9249232662563521,0.2980134927222559,0.2272194013454559,0.0638455428779158,2.5861122744101754,-4.143565419028617,3.3941613442876033,1.522153591448671,1.7204496017685207,0.31692105274830645,11.152832226997145,-12.566924268438306,7.810247534239867,0.0,0.0,0.0,0.0,0.0,0.0,0.0,0.0,0.0,0.0,0.0,0.0,0.0,0.0,0.0,1911.6396945708425,1918.487642822945,1915.204765832897,1912.3998216986406,1911.8060754719136,1917.9126844660102,1914.0224543913635,1913.0230143856936,25.20641259214425,1.3783054480219068,1.7500719547314172,0.2977867361293686
40,0.4100000000000002,-5.400596753609145,2.3658784845317418,1.101093957775044,0.92054774281022,0.3047682476358175,0.2352209944885741,0.06617591851880933,2.6993408125281664,-4.269848532918181,3.469561912020744,1.4912095542986645,1.7416576499951162,0.31682027099456295,11.47489536776014,-12.69085220190469,7.339131143540012,0.0,0.0,0.0,0.0,0.0,0.0,0.0,0.0,0.0,0.0,0.0,0.0,0.0,0.0,0.0,1912.2562694490618,1912.6938225221113,1912.995481548087,1906.6341892015325,1911.521529284684,1913.156258270843,1911.208510416404,1908.0358353539116,25.106457761793518,1.2488712646558986,1.746436501494462,0.29612661301484683
41,0.4200000000000002,-5.373023807851342,2.322543706509805,1.136147019476665,0.9161019604473261,0.3112740676991824,0.2432369019963634,0.06856721045647166,2.8157905648405444,-4.3972948719432186,3.540285898117163,1.4352206133970904,1.7464357930548546,0.3160364250058516,11.795697727635446,-12.799235981530543,6.87295768524443,0.0,0.0,0.0,0.0,0.0,0.0,0.0,0.0,0.0,0.0,0.0,0.0,0.0,0.0,0.0,1913.3532431967296,1906.6093653122198,1909.8320780575543,1902.7108424871935,1911.4726415013704,1908.2066733338208,1908.091989345313,1904.1415466593628,25.006358862100598,1.1298319365711735,1.7400983072292306,0.2916428411005547
42,0.4300000000000002,-5.344270745221287,2.277929786190358,1.1718837212103685,0.9116505067948675,0.3173963367325274,0.2512094909605057,0.07104020369338067,2.9353387351530205,-4.52562105428209,3.6062811394690546,1.3439240076629684,1.7478192421636165,0.31495163034755225,12.099953658802232,-12.873046624420681,6.399594038036582,0.0,0.0,0.0,0.0,0.0,0.0,0.0,0.0,0.0,0.0,0.0,0.0,0.0,0.0,0.0,1912.6461190775196,1899.9791162603976,1908.1006939296494,1896.7420152667064,1909.8191398829763,1902.4086484195818,1905.3641336575608,1899.1648181974388,24.894481568739113,1.000476777526099,1.7216606526100116,0.2848716523827391
43,0.4400000000000002,-5.314307167438083,2.232029472741521,1.2082568999703651,0.9072428348942274,0.32303168955282224,0.25911567264866253,0.07362088199394125,3.057879937026945,-4.6545255689836855,3.667598687060348,1.2404598270639247,1.7456159322959415,0.31350125716912897,12.395779712912613,-12.918010266416147,5.936584080465046,0.0,0.0,0.0,0.0,0.0,0.0,0.0,0.0,0.0,0.0,0.0,0.0,0.0,0.0,0.0,1910.6900759477978,1894.959296792306,1904.902945751718,1891.7083418726108,1907.6153100478114,1897.6408308225693,1902.0807561778854,1894.2103475373315,24.8365564185106,0.8317400270013634,1.7138855819222323,0.27443957104500066
44,0.45000000000000023,-5.283103731886715,2.1848386071744708,1.2452201640477256,0.9029154887790807,0.3281295756529441,0.26692715838685593,0.07631837144601056,3.1832873863863433,-4.783673679081681,3.724311656442791,1.1246352844386232,1.7360793337861038,0.3114529554770974,12.677032975034308,-12.927528716547343,5.480704041857187,0.0,0.0,0.0,0.0,0.0,0.0,0.0,0.0,0.0,0.0,0.0,0.0,0.0,0.0,0.0,1908.5769289115003,1889.583064732507,1900.4099951774235,1886.7315489662665,1904.9643983082287,1892.7597674449073,1897.5692587218582,1889.2200240186035,24.783196630324934,0.6457639802812221,1.6901354542114133,0.2656814058271629
45,0.46000000000000024,-5.25063157802722,2.1363555716939895,1.282729034413889,0.8987149738296375,0.33260896929657185,0.2746222379090361,0.07915362154506256,3.311649428680205,-4.9129481190643425,3.7767975602045887,0.9831459303885732,1.7274011911627771,0.3084915426609843,12.97642044635694,-12.933415883586541,5.07503093517192,0.0,0.0,0.0,0.0,0.0,0.0,0.0,0.0,0.0,0.0,0.0,0.0,0.0,0.0,0.0,1908.7554695265756,1886.3359220006505,1899.181277671767,1881.7511605636187,1904.6132151041818,1890.240045792377,1895.5850382678238,1885.2283168117929,24.68788676038241,0.41828423150243677,1.6941571749007927,0.26111901484550737
46,0.47000000000000025,-5.216860868138522,2.0865800256370144,1.3207430196085084,0.894695362717841,0.3363703441727925,0.2821804116424941,0.08215482199810757,3.442991585212462,-5.042124125513549,3.825377624713596,0.8208365854345293,1.7117007668344308,0.3047078411598919,13.272119830439078,-12.909026812374158,4.695730819876065,0.0,0.0,0.0,0.0,0.0,0.0,0.0,0.0,0.0,0.0,0.0,0.0,0.0,0.0,0.0,1909.5143336307744,1882.5395375749204,1897.6456194135849,1878.0729506241166,1904.5571489765211,1887.2514068082194,1893.8533767007593,1881.8409646720197,24.586532243112885,0.2330949194396401,1.7039288016731944,0.25327424442309054
47,0.48000000000000026,-5.181762755399451,2.035515277212101,1.3592236345795614,0.8909115755316549,0.33930044375809665,0.28959428629188716,0.08536347460334272,3.57708600378413,-5.170693225560817,3.8701339817394893,0.627190051845311,1.704895230890482,0.3005350032017184,13.53844641726143,-12.824928913370393,4.319388238965605,0.0,0.0,0.0,0.0,0.0,0.0,0.0,0.0,0.0,0.0,0.0,0.0,0.0,0.0,0.0,1907.4277118450098,1877.632023176584,1897.1380399994098,1871.2299749008268,1901.9476068950978,1882.6687687039646,1892.0184989224504,1876.2786746138288,24.47323428639712,0.070261563287908,1.6969252891146445,0.2434347457521926
48,0.49000000000000027,-5.145310634718736,1.983169934503255,1.3981334543887152,0.8873828489046838,0.3413454417986514,0.2968949214300346,0.08881652133552792,3.71377732365901,-5.298170164415782,3.911260609180038,0.43914265642082023,1.7050120256759866,0.2959100439296058,13.794631704362015,-12.696674404470976,3.9680694545345396,0.0,0.0,0.0,0.0,0.0,0.0,0.0,0.0,0.0,0.0,0.0,0.0,0.0,0.0,0.0,1903.156708724408,1874.8818992878466,1893.8363764616035,1866.1092297308555,1898.2254900673606,1879.3200454404498,1888.8808663028149,1870.9557882533472,24.42594337419295,-0.14813811189957696,1.7157614759537911,0.22886975731313075
49,0.5000000000000002,-5.107479103904128,1.9295571535790117,1.4374373374215201,0.884098361555541,0.3425485699357699,0.3040933325824046,0.09250842885215477,3.852948856916893,-5.424109190346054,3.9489833426159917,0.26321404722999875,1.7015885202219414,0.2906414484659172,14.038432036965087,-12.524539559400694,3.6382346481640404,0.0,0.0,0.0,0.0,0.0,0.0,0.0,0.0,0.0,0.0,0.0,0.0,0.0,0.0,0.0,1898.7403905843514,1871.6525804998535,1887.9445974347188,1862.3842040789882,1893.9753868839593,1875.853684004232,1883.641034342451,1866.5276905989306,24.380652504645035,-0.3841743143608306,1.7431173202310084,0.2173409642308209
50,0.5100000000000002,-5.0682427249546755,1.8746933115547424,1.477103522113886,0.881066826823431,0.34288995052049176,0.3111980630194324,0.09645462185037254,3.9947951513044804,-5.54836961978712,3.9838208857301756,0.06568677057269455,1.7081548662085295,0.28435124288869623,14.314696486608103,-12.348678066613772,3.372290003771816,0.0,0.0,0.0,0.0,0.0,0.0,0.0,0.0,0.0,0.0,0.0,0.0,0.0,0.0,0.0,1897.9024652092753,1870.3493279587349,1887.3506663343103,1857.2879252543091,1892.9104050580606,1875.0185447244369,1881.9618455271968,1862.819005566737,24.275025142464955,-0.6445497069705777,1.8158451260192037,0.21082589612092298
51,0.5200000000000002,-5.02757401198476,1.818596343801624,1.517105445130925,0.8783091977377047,0.3422789967994813,0.31823989502716227,0.10070457155656312,4.139418191648268,-5.6706688029560475,4.016184842718614,-0.14980507401586038,1.7235228998688026,0.27721112994602337,14.592856609922933,-12.13424780522665,3.139172768696241,0.0,0.0,0.0,0.0,0.0,0.0,0.0,0.0,0.0,0.0,0.0,0.0,0.0,0.0,0.0,1897.088886300767,1868.652692631296,1887.5792360890093,1852.489680206201,1891.8102925222558,1873.560969620189,1881.470967955248,1858.8720506197371,24.149940798629167,-0.8589216589020332,1.9121465118780354,0.2010820767770586
52,0.5300000000000002,-4.98544621051145,1.761288842466757,1.557419016264867,0.8758304365894084,0.3406199830582975,0.3252784459018416,0.10532334079706303,4.286562683659173,-5.790355121196018,4.046155811203092,-0.38670347462433596,1.7642470248930155,0.2697600581098557,14.836212161727147,-11.843577880758183,2.905210802800262,0.0,0.0,0.0,0.0,0.0,0.0,0.0,0.0,0.0,0.0,0.0,0.0,0.0,0.0,0.0,1892.107801145489,1865.641874669345,1887.9032856776644,1844.2247953863093,1887.0360743047963,1870.0394969752385,1880.2523874334663,1852.0780689550274,24.016062539374115,-1.0274830501145145,1.977129887206998,0.18904330837927213
53,0.5400000000000003,-4.941835144668023,1.7028002498786652,1.5980208487152272,0.8735888249642996,0.33788035746781775,0.33241358233921986,0.11036593320096953,4.436057800940474,-5.906790073712207,4.07386720641487,-0.6115304863566211,1.8290085716796798,0.26196075430691956,15.06971891632336,-11.493525595476228,2.688358496350851,0.0,0.0,0.0,0.0,0.0,0.0,0.0,0.0,0.0,0.0,0.0,0.0,0.0,0.0,0.0,1884.4504650078063,1864.2132168519004,1885.0689600677113,1836.9956391512915,1880.5512214156277,1867.3211293417207,1877.2158596363322,1844.975430096573,23.965624455313467,-1.2720383793809358,2.0802894164787826,0.17127401300212955
54,0.5500000000000003,-4.8967175475269755,1.6431658291797213,1.6388892902639594,0.8715168740997169,0.33413742505083915,0.3396990558020491,0.1158234467931675,4.587866889943464,-6.019437544683836,4.0995080175184,-0.8091746868662606,1.8931200625073894,0.25359662669458044,15.301393613249559,-11.09308215130067,2.489741451184635,0.0,0.0,0.0,0.0,0.0,0.0,0.0,0.0,0.0,0.0,0.0,0.0,0.0,0.0,0.0,1877.6537557248325,1861.5250931038242,1877.7937989505601,1833.1882100722796,1874.269865747568,1864.0536928321224,1871.1080529436636,1839.9090556937326,23.945814323615437,-1.4715554269056832,2.207801918852792,0.1538323631565923
55,0.5600000000000003,-4.850068732298303,1.5824246718060773,1.6800058173745827,0.8695822556758733,0.3293859281454747,0.3471580614807835,0.12170822199962027,4.742387809916206,-6.128117014088388,4.123581615516688,-1.031332226822546,1.97483400222876,0.2441601050358956,15.589816915158927,-10.685182539377891,2.3539927018330076,0.0,0.0,0.0,0.0,0.0,0.0,0.0,0.0,0.0,0.0,0.0,0.0,0.0,0.0,0.0,1875.9117954242458,1860.8156323717108,1877.7390757555904,1827.1058256139406,1872.4048385858182,1863.7759845171252,1869.5558161843392,1835.7442457602153,23.85947776314573,-1.625939476824513,2.4192206136074828,0.14241549562061442
56,0.5700000000000003,-4.801859462538792,1.52061760469959,1.7213572086075306,0.867739387118441,0.32358184755237057,0.35485764512747875,0.12805934433881613,4.900004224367692,-6.232555781112555,4.146535371673649,-1.2410252158261466,2.0764289159313236,0.23358799833306607,15.909296387220273,-10.241757974398524,2.2540951149299104,0.0,0.0,0.0,0.0,0.0,0.0,0.0,0.0,0.0,0.0,0.0,0.0,0.0,0.0,0.0,1873.229773691678,1863.3778644826866,1877.866001284077,1823.7337057014686,1870.8341147415522,1865.267197296357,1869.6037607007058,1832.6626260592,23.72876468145245,-1.854463249573764,2.6449646563373554,0.12914004680276397
57,0.5800000000000003,-4.752059117951244,1.4577901633682284,1.7629324146011192,0.8658678229208486,0.3167781950576862,0.3629431352197509,0.13489540008155337,5.060558760683298,-6.332061906942559,4.168310176821356,-1.4239998937874638,2.2267587217479816,0.22244250187939837,16.196923812171526,-9.716853966039274,2.1301893834158037,0.0,0.0,0.0,0.0,0.0,0.0,0.0,0.0,0.0,0.0,0.0,0.0,0.0,0.0,0.0,1863.1930506317801,1867.1486640672545,1877.6560438791303,1817.171473563412,1863.2683408713508,1866.2191028708523,1868.44894746753,1826.962626812543,23.496665594480405,-2.0556862681058954,2.8062295916929814,0.1134436686165664
58,0.5900000000000003,-4.700639579789886,1.3939955252551393,1.804718481598213,0.8638546783011601,0.3089402790424838,0.3715752852776402,0.14227721579083444,5.223819348490001,-6.425872402406734,4.188674722676548,-1.630841034991826,2.4094739254247446,0.21077888059747335,16.465363646368303,-9.11586441265122,1.983114244582751,0.0,0.0,0.0,0.0,0.0,0.0,0.0,0.0,0.0,0.0,0.0,0.0,0.0,0.0,0.0,1855.9285473192756,1864.8115252328687,1877.2602925817291,1806.9146057378666,1855.7167539205054,1863.9724639657945,1866.2986042456953,1818.4543219463455,23.119632776850136,-2.3237931244170174,2.9921904859314044,0.09060915226220148
59,0.6000000000000003,-4.6475758636262485,1.3292951032483231,1.8466993416234692,0.8616497322389272,0.30000302983488913,0.3807728001039236,0.15023313790069576,5.389304446454964,-6.513062911500883,4.2071904672808715,-1.833694184242963,2.581788020995313,0.1984260610401132,16.67214704171016,-8.416789332096108,1.7834117102246694,0.0,0.0,0.0,0.0,0.0,0.0,0.0,0.0,0.0,0.0,0.0,0.0,0.0,0.0,0.0,1848.349683581092,1855.4518834987343,1867.4064471231125,1798.2480336791018,1847.2414855084835,1855.0965193884997,1857.241099487898,1808.5392060002214,23.1112673558455,-2.5969002835732833,3.1761054252810372,0.06695467218258772
60,0.6100000000000003,-4.592850100042391,1.2637603489870148,1.8888531400932342,0.8592310202527464,0.28988645577587085,0.39048403876069315,0.1587769254843597,5.556075330439089,-6.592568265449915,4.22315315530108,-2.069101106491749,2.7607966927752776,0.1847295588779073,16.77256714642361,-7.608210535285487,1.5079339647323664,0.0,0.0,0.0,0.0,0.0,0.0,0.0,0.0,0.0,0.0,0.0,0.0,0.0,0.0,0.0,1836.3738122358807,1840.4391032170872,1854.6066972513536,1779.6257100017315,1834.2909937412505,1840.475500011955,1842.7403660652562,1791.191847775342,23.359188653241915,-2.876064146121646,3.406444919998538,0.04906133696634182
61,0.6200000000000003,-4.536444177888624,1.1974682852470546,1.9311580002318034,0.8565682017524503,0.2784627414337793,0.4006778358900436,0.16794847187822048,5.725718083241695,-6.66460445999634,4.23766532539224,-2.3215691175673983,2.94165169446791,0.16948810604806983,17.131153600502103,-6.865130397160968,1.411233681946733,0.0,0.0,0.0,0.0,0.0,0.0,0.0,0.0,0.0,0.0,0.0,0.0,0.0,0.0,0.0,1837.593045079096,1839.079723756501,1854.5302815026248,1775.6551209024378,1835.7542574797014,1840.16213946622,1842.8972344167491,1788.502322848858,23.35998925757284,-3.2008816444809707,3.707745923914672,0.03192139544965343
62,0.6300000000000003,-4.478317903807016,1.1304919650868777,1.9736070593779806,0.8535914714309871,0.2656379126245474,0.4113549491587498,0.17777852817300013,5.900449417992677,-6.7294026841472885,4.252182103025963,-2.586433694319971,3.144659884520902,0.15318531960326745,17.697040142062193,-6.125021140216624,1.445632566704269,0.0,0.0,0.0,0.0,0.0,0.0,0.0,0.0,0.0,0.0,0.0,0.0,0.0,0.0,0.0,1845.8365600103277,1849.697556950836,1866.6706923015315,1781.4829920363643,1845.1033710193049,1850.592785176815,1854.5357400168118,1796.1126010848413,23.254887814752333,-3.498692380760322,3.9687323018616585,0.012645252259338116
63,0.6400000000000003,-4.418420974602047,1.0629085684449313,2.0161994967947967,0.8501808411124121,0.25127203707359674,0.4225920829720602,0.18833701760305102,6.079594248033334,-6.7857577866631225,4.266153408066367,-2.8804630886939013,3.391188482633533,0.1360379396008633,18.090595501499607,-5.218737878907476,1.3543063381620257,0.0,0.0,0.0,0.0,0.0,0.0,0.0,0.0,0.0,0.0,0.0,0.0,0.0,0.0,0.0,1843.868979888507,1852.6818846560009,1873.553588885598,1775.0411058186046,1843.3691284956135,1852.3981026397198,1858.7272838283036,1791.823179285699,23.252638253741882,-3.6806319248826393,4.15812197149719,-0.010265977919383107
64,0.6500000000000004,-4.356715662890385,0.9948096326609149,2.0589251036479976,0.8462044287908934,0.2352563379341887,0.43442721938469964,0.19966349494624952,6.261977463511081,-6.832309809640648,4.278702184282429,-3.17497527075661,3.6430285335713983,0.11798223976441664,18.384753639851148,-4.188000897808131,1.1880081670065934,0.0,0.0,0.0,0.0,0.0,0.0,0.0,0.0,0.0,0.0,0.0,0.0,0.0,0.0,0.0,1839.7107609673415,1849.3696285632416,1870.8420906506221,1769.5238402371708,1838.825568470861,1848.991853167775,1856.2542769047468,1785.620149146619,23.30561943523414,-3.823979778303207,4.287329797654884,-0.03508460034772575
65,0.6600000000000004,-4.293169926294659,0.9262978017392967,2.1017688389127365,0.8415478465954706,0.21769884800605213,0.44677453324771343,0.21165289959897057,6.447754528921308,-6.868218430335937,4.28980407991073,-3.4136902699280225,3.8670351891958754,0.09881516039594712,18.734519323795773,-3.0894567479879953,1.043648457654811,0.0,0.0,0.0,0.0,0.0,0.0,0.0,0.0,0.0,0.0,0.0,0.0,0.0,0.0,0.0,1839.1086647927793,1850.266005988031,1863.82351605241,1775.6222130891313,1839.0473848397223,1849.4037807297968,1852.51805757821,1788.4790371486367,23.162031882306962,-3.9587599822331674,4.404208217839255,-0.05617329021829789
66,0.6700000000000004,-4.227748055521132,0.8574831255531717,2.1447166224204683,0.836134436401813,0.1988309472400182,0.4594728591134788,0.22412083888104858,6.6372200821333704,-6.89275778297481,4.299498203808971,-3.6077023367930683,4.049567379515446,0.07844083692840884,19.101019100527417,-1.919421397949428,0.8954436732331317,0.0,0.0,0.0,0.0,0.0,0.0,0.0,0.0,0.0,0.0,0.0,0.0,0.0,0.0,0.0,1842.4214880862644,1851.8833816650774,1857.2597641198663,1785.5682231069377,1842.2554317433292,1851.3023133859126,1848.6474382031638,1795.760058097867,23.493395599948247,-4.1029205735238525,4.5729306953116415,-0.07560715863236668
67,0.6800000000000004,-4.16041853059527,0.7884835585542402,2.1877506243986113,0.8299229275376568,0.17883229716972926,0.4723538476242308,0.23691514614078155,6.828978515479326,-6.90506133095129,4.306854904585629,-3.774143501911507,4.203961852786723,0.05727026667213256,19.266124204615487,-0.6634085112633414,0.6208419101527696,0.0,0.0,0.0,0.0,0.0,0.0,0.0,0.0,0.0,0.0,0.0,0.0,0.0,0.0,0.0,1838.08399274126,1845.7916168303027,1846.4993828875672,1785.8111829764553,1837.412699419368,1844.8982012292927,1838.7261489667103,1794.4020711782823,24.35123323689525,-4.182258579644887,4.682456023924977,-0.09621036211817541
68,0.6900000000000004,-4.091153197930188,0.7194239495999099,2.2308499056054956,0.8228461147442918,0.15778775649502563,0.4853371104848381,0.2499503641460013,7.024856085797965,-6.904693679022081,4.312797995470706,-3.930378960680339,4.36559678851899,0.03565256826327695,19.75871919758454,0.6286233867784929,0.5179975473170728,0.0,0.0,0.0,0.0,0.0,0.0,0.0,0.0,0.0,0.0,0.0,0.0,0.0,0.0,0.0,1848.5678267455958,1859.0325815882907,1858.3346946737263,1798.8614868240504,1849.5258041982834,1858.2357388502176,1850.883443218413,1808.9771780549531,24.75158887115829,-4.18289476977447,4.754520063786609,-0.12227115626364866
69,0.7000000000000004,-4.019892128218059,0.6504346279825027,2.2740096234598552,0.8148315196448367,0.13580560131730607,0.498366493824426,0.2631297609113792,7.2287017518478125,-6.890822683107231,4.319204838297408,-4.048604644641064,4.503626951074427,0.013681843255366043,20.65387395665841,2.026765913373474,0.6044932790540969,0.0,0.0,0.0,0.0,0.0,0.0,0.0,0.0,0.0,0.0,0.0,0.0,0.0,0.0,0.0,1880.450047642871,1891.0704971748328,1885.7886900808826,1836.93288761308,1882.5295065315597,1891.1948619585523,1881.5961404310676,1845.6924241724962,25.05038684761322,-4.181003002560848,4.8136955718098005,-0.1506087966497481
70,0.7100000000000004,-3.946559185243725,0.581656250476922,2.317230922602167,0.8058542292262245,0.1131187523627771,0.5113422236625254,0.27628289741125883,7.438587920364473,-6.8623624384753805,4.324720392328929,-4.110093295248903,4.61314542890601,-0.008939024369946307,21.127610317348555,3.518397181033528,0.4335377841160337,0.0,0.0,0.0,0.0,0.0,0.0,0.0,0.0,0.0,0.0,0.0,0.0,0.0,0.0,0.0,1896.0038500214912,1908.3463790751864,1894.4037741322206,1860.3610982409657,1898.0016668889427,1906.957053169111,1892.0000601544107,1865.5408111728384,25.35206931466121,-4.18977543892052,4.843675036192176,-0.17367983707501042
71,0.7200000000000004,-3.871108272817546,0.513238248073089,2.360495870159269,0.7959161969035282,0.08994447730996998,0.5241757008105034,0.28925288795079995,7.652013081913927,-6.818670209369154,4.327745728067307,-4.142458562316235,4.701126497482972,-0.03238265463335813,21.41739147723598,5.059808715478731,0.14073713854223513,0.0,0.0,0.0,0.0,0.0,0.0,0.0,0.0,0.0,0.0,0.0,0.0,0.0,0.0,0.0,1908.0188297177401,1920.429826206073,1900.6019445766485,1876.5761679131435,1909.822686950731,1918.758026027694,1899.0836966045097,1880.3833707765332,25.704715904845983,-4.210239522006455,4.8852471457616495,-0.19441157346519106
72,0.7300000000000004,-3.793510357427055,0.44533523580511186,2.403775027769984,0.7850474770934716,0.06640779291704323,0.5367663517104766,0.3019475905194265,7.86784035352359,-6.759302685010877,4.3274502194082185,-4.163957795809157,4.7638577476736526,-0.05616220709464302,21.617557110951147,6.641073054834301,-0.2206540186779904,0.0,0.0,0.0,0.0,0.0,0.0,0.0,0.0,0.0,0.0,0.0,0.0,0.0,0.0,0.0,1921.1240716464952,1929.9684021602347,1908.4785680881023,1891.8279954811296,1922.2008260255318,1928.9376236696091,1907.8047567883725,1894.8139333861984,26.051801802487187,-4.163994749023587,4.857970071590049,-0.2140010299269761
73,0.7400000000000004,-3.713744714592052,0.3781060861762523,2.4470323987280347,0.7732806231881507,0.0425717123118415,0.5490230100882704,0.31432222560009654,8.085464490193408,-6.683832516731539,4.323307226300849,-4.184935892894233,4.818051932012043,-0.07984601394713231,21.766444413481523,8.26499327560093,-0.6290335836087735,0.0,0.0,0.0,0.0,0.0,0.0,0.0,0.0,0.0,0.0,0.0,0.0,0.0,0.0,0.0,1935.0106954670111,1941.687815650378,1920.8480187025566,1906.5719538601145,1936.0163431650599,1940.891043103798,1920.208566853177,1909.7115386144771,26.34043743326571,-4.033131150441902,4.827376367011267,-0.23856140950949314
74,0.7500000000000004,-3.6317973559730827,0.3117135238822021,2.4902265247194815,0.7606675875717847,0.018556849128508517,0.560861648653423,0.32630457495705956,8.304015095845717,-6.591957534849034,4.3146903023952925,-4.172264715273877,4.8360655249505085,-0.1031927948034376,21.814193751344746,9.909203160864521,-1.1050126025073936,0.0,0.0,0.0,0.0,0.0,0.0,0.0,0.0,0.0,0.0,0.0,0.0,0.0,0.0,0.0,1949.135758740272,1952.591247526479,1928.6494530533776,1925.6839888270636,1949.8622892515932,1952.067159338403,1930.387535356003,1926.3956226546168,26.679920585748082,-3.9166011205211553,4.836150020803331,-0.26441876279626225
75,0.7600000000000005,-3.54766544910747,0.24632162770878868,2.5333087800592873,0.7472960635734799,-0.005394016227237526,0.5722283496931589,0.33774874354165363,8.522141836748112,-6.483740426812427,4.300798935907663,-4.1023636082729515,4.833619990271163,-0.1264271189011752,21.71589660280482,11.530640376031798,-1.665141871724174,0.0,0.0,0.0,0.0,0.0,0.0,0.0,0.0,0.0,0.0,0.0,0.0,0.0,0.0,0.0,1958.4533042639855,1964.9918850104114,1933.1849184071566,1942.6964141567883,1960.3417101627385,1963.1568975141183,1936.8759221912562,1941.1993435790207,27.037965611537178,-3.8632057309591246,4.794812281633759,-0.28474419211167407
76,0.7700000000000005,-3.461357937178188,0.18209324825975798,2.5762232704306953,0.7332167056647925,-0.029102710794604907,0.5831552274456587,0.34853446811079786,8.73903741105013,-6.359270204723988,4.281054069721557,-4.011671405860218,4.836873130496097,-0.14971747266097843,21.562131205996593,13.146852917532037,-2.274127278435678,0.0,0.0,0.0,0.0,0.0,0.0,0.0,0.0,0.0,0.0,0.0,0.0,0.0,0.0,0.0,1968.8491045716753,1979.8197489794065,1943.940267544365,1956.4836534145516,1971.6197226764832,1977.2945150935557,1947.4907010259901,1955.2715147203746,27.47634160403436,-3.840736107507109,4.742045929040663,-0.30312308506854874
77,0.7800000000000005,-3.3728904998787677,0.11919030478970348,2.618908704957247,0.7184844809797357,-0.05253916457982339,0.5936214415035439,0.358654807529174,8.953995737306284,-6.218692141317751,4.254893715345635,-3.939863528458834,4.820023110787748,-0.17268561305120944,21.331583479478056,14.743521546074945,-2.9400793436007433,0.0,0.0,0.0,0.0,0.0,0.0,0.0,0.0,0.0,0.0,0.0,0.0,0.0,0.0,0.0,1984.5645294454214,1989.6643455502915,1956.5511527771555,1970.7184261562657,1985.6746147372726,1988.8216226472655,1960.1268829539977,1969.571524869321,27.81581868678092,-3.728404652421485,4.645162393928329,-0.32071385920634576
78,0.7900000000000005,-3.2822851136910187,0.05777370490787598,2.6612986550833564,0.7031851075852749,-0.07573136741922742,0.6035253837904414,0.3681746536356079,9.1665573865546,-6.061997920211543,4.2218967951030075,-3.89111233868098,4.787981497935395,-0.19504471141380028,21.066098599911598,16.34897705916316,-3.6410199397733933,0.0,0.0,0.0,0.0,0.0,0.0,0.0,0.0,0.0,0.0,0.0,0.0,0.0,0.0,0.0,2003.3219949264887,2001.565113398854,1973.0164904140609,1986.8820899048478,2003.5063598166284,2001.9414269067663,1976.4061936131907,1986.1727752922761,28.084047314010775,-3.530948479898,4.554843129301333,-0.34142378680401064
79,0.8000000000000005,-3.189571402591401,-0.001997557080893093,2.7033217989846685,0.6874240132076022,-0.09860342517256553,0.6128050432837568,0.3770882781734082,9.37540126405961,-5.889771486343645,4.181420169573459,-3.8095688914891443,4.727388976103731,-0.21669376259054957,20.634971423076465,17.864854834106936,-4.414296305456311,0.0,0.0,0.0,0.0,0.0,0.0,0.0,0.0,0.0,0.0,0.0,0.0,0.0,0.0,0.0,2016.4505965441206,2012.350106797692,1981.5219557899081,2004.1701318855814,2016.739416745928,2012.3181531508287,1986.8270744196586,2001.2096827171763,28.43289387634955,-3.364139806165931,4.543677139376812,-0.3617273120320072
80,0.8100000000000005,-3.094794136749452,-0.05997303127533894,2.7449001498845607,0.671332740210016,-0.1209454677905049,0.6214869386116991,0.3852772130273283,9.579059628066567,-5.7030181578327666,4.132851924065871,-3.672080454724844,4.65439398289449,-0.23779148173103262,20.069058453055177,19.271747995462718,-5.2432752875697375,0.0,0.0,0.0,0.0,0.0,0.0,0.0,0.0,0.0,0.0,0.0,0.0,0.0,0.0,0.0,2023.7786151869595,2024.3241780781332,1986.302574071735,2019.0939369469127,2025.425542556349,2022.733751785194,1993.2455729539104,2014.2267701388319,28.796865060442794,-3.2953341011725517,4.462831915846254,-0.37761381372182734
81,0.8200000000000005,-2.9980083978788175,-0.11601065275384287,2.7859509766470696,0.6549635699680285,-0.14264711765100227,0.6296862747550545,0.3926445176310231,9.777066387701426,-5.502263534097052,4.075871267491686,-3.522432933589849,4.609475026016569,-0.25839102720899504,19.490652185158552,20.647801270185617,-6.0975501444593405,0.0,0.0,0.0,0.0,0.0,0.0,0.0,0.0,0.0,0.0,0.0,0.0,0.0,0.0,0.0,2032.195589343819,2040.3533163788738,2000.0327014872425,2030.308690109151,2035.2594511020172,2037.650142836958,2005.8242499876785,2026.779161010581,29.264110164078716,-3.277216269872627,4.325435646448305,-0.3917470465310767
82,0.8300000000000005,-2.8992724376515855,-0.1699728489338892,2.8263884393996204,0.6383394578887641,-0.16376381017797995,0.6374228784597207,0.39924456789591184,9.969016535744721,-5.2880412654000475,4.010119772472672,-3.4129079067758568,4.547559772961602,-0.278272434629362,18.860946360026887,21.9625090522948,-6.9887993813368965,0.0,0.0,0.0,0.0,0.0,0.0,0.0,0.0,0.0,0.0,0.0,0.0,0.0,0.0,0.0,2048.344137239653,2049.126334874545,2014.5013681320977,2042.5765084811967,2049.077905789502,2048.793821582286,2019.7915167948083,2039.5815793072022,29.564051615631058,-3.1862141260771932,4.190107576459349,-0.40559739578284165
83,0.8400000000000005,-2.7986479335266017,-0.2217262477811707,2.86612346322202,0.6215576485950095,-0.18437394671114024,0.6445527665975719,0.4052456888340906,10.154759858711053,-5.0605148875445405,3.9353575958293208,-3.346395590768223,4.452647759622773,-0.29727820806913446,18.229000755303204,23.279990471102963,-7.895985982445453,0.0,0.0,0.0,0.0,0.0,0.0,0.0,0.0,0.0,0.0,0.0,0.0,0.0,0.0,0.0,2070.3630332883213,2058.579342087515,2031.3766189859166,2059.44253550413,2069.0397980781595,2060.697038706223,2036.7536128105305,2056.669109194119,29.79622346231605,-3.0288271056900262,4.032248250231098,-0.4221967870229846
84,0.8500000000000005,-2.6962019092026757,-0.27114295751631634,2.905064574491574,0.6047345271611271,-0.20446252745878796,0.6509901391640058,0.4107347869801155,10.33307156629018,-4.820995422785592,3.8512953475823855,-3.265695203200916,4.340641708213379,-0.31542983489774346,17.433580122037995,24.412379720288868,-8.83300040829127,0.0,0.0,0.0,0.0,0.0,0.0,0.0,0.0,0.0,0.0,0.0,0.0,0.0,0.0,0.0,2082.141535765648,2067.414863495743,2040.6148604591326,2072.707087953923,2081.0165284657855,2068.81816011069,2046.6672670759808,2068.6806589174016,30.15055158686924,-2.856596542432013,3.981463955145377,-0.4367166971334082
85,0.8600000000000005,-2.5920149000582215,-0.31811101148322574,2.943117925973395,0.5880027950858613,-0.2239067380131351,0.6567632438633082,0.4156687709627423,10.502824062737838,-4.57100913738233,3.7578021052879667,-3.1478135152390734,4.208399916113874,-0.3329560279836911,16.549709076414842,25.40350144840975,-9.774786744347619,0.0,0.0,0.0,0.0,0.0,0.0,0.0,0.0,0.0,0.0,0.0,0.0,0.0,0.0,0.0,2089.7404304964048,2075.9652629916,2044.7545757996402,2085.236305673939,2089.124266696539,2076.6557480414713,2052.3517503654166,2079.413817664846,30.48785042978109,-2.769539383656097,3.8621863664589613,-0.44760532447698437
86,0.8700000000000006,-2.486173343016116,-0.362528673129823,2.980189349801498,0.5714226272499041,-0.24262928008713044,0.661996655677369,0.4199614760703619,10.66403019097717,-4.310931498289641,3.654914177393966,-3.004732048641913,4.113267186931979,-0.3497872945254365,15.701751311551604,26.396859933008443,-10.713484952723729,0.0,0.0,0.0,0.0,0.0,0.0,0.0,0.0,0.0,0.0,0.0,0.0,0.0,0.0,0.0,2096.4895032449176,2092.871202821717,2058.573866444212,2096.23543013288,2098.229163864902,2091.6204798530143,2065.247273811275,2091.662807650874,30.9359321838084,-2.8046678825167293,3.6028838394449783,-0.4580964562895503
87,0.8800000000000006,-2.3787628866487394,-0.4042976408536783,3.016184686384668,0.554992408787212,-0.2606689549664997,0.6667632497205285,0.42362942641813894,10.816553567710805,-4.041423223151646,3.5425777225206168,-2.8903425689193574,4.005981105338525,-0.3657141997680522,14.822052659681617,27.299218459678976,-11.658174990480052,0.0,0.0,0.0,0.0,0.0,0.0,0.0,0.0,0.0,0.0,0.0,0.0,0.0,0.0,0.0,2109.7718066240527,2101.8608151401627,2071.5299176689086,2107.6863678574805,2109.6414614886285,2102.4526863788765,2077.879095592227,2103.3593302874388,31.175877309063367,-2.8231264567400873,3.376253220243712,-0.4689776907336239
88,0.8900000000000006,-2.2698703123550366,-0.44332527822436185,3.051009310796595,0.5388225082712346,-0.2780874142290993,0.6708769519712596,0.4269213158667776,10.960481771585913,-3.7626551473399417,3.4207890151041234,-2.848426647043359,3.83117801757229,-0.3807061745058783,13.964246848248152,28.217029387265224,-12.59520829972649,0.0,0.0,0.0,0.0,0.0,0.0,0.0,0.0,0.0,0.0,0.0,0.0,0.0,0.0,0.0,2134.9593290619205,2105.919387249081,2085.736129522764,2124.8271033688097,2130.617550858495,2111.2170565859774,2092.5560881597135,2120.3514310439905,31.349585039311872,-2.962569523000576,2.9600062599900636,-0.48368983009784416
89,0.9000000000000006,-2.1595848048354083,-0.4795252858002361,3.084569956970932,0.5230399399479788,-0.2949217261238344,0.6741420244139398,0.4300964166305362,11.094953951391227,-3.476252530850738,3.289861169721057,-2.8330631037872385,3.6352782712742533,-0.3949432300643878,12.981894373643499,28.90461605961292,-13.486707570902645,0.0,0.0,0.0,0.0,0.0,0.0,0.0,0.0,0.0,0.0,0.0,0.0,0.0,0.0,0.0,2147.712905580952,2109.4142882406513,2094.6947262666013,2133.6445322834206,2142.641974570805,2114.8306223273644,2100.788089313915,2129.1619111177592,31.53848343036138,-2.873527732979332,2.69016193186111,-0.4930079705598611
90,0.9100000000000006,-2.048005280600407,-0.5128300554580881,3.1167779435012033,0.5077974350014813,-0.3111809646217879,0.676335160492288,0.43345002358385093,11.219197936462725,-3.1837943598826968,3.1503823943426728,-2.8934977738018524,3.3407761410175536,-0.4087594192645504,11.940236870618293,29.46813176542573,-14.305211323482947,0.0,0.0,0.0,0.0,0.0,0.0,0.0,0.0,0.0,0.0,0.0,0.0,0.0,0.0,0.0,2166.6607185797843,2102.161975333233,2096.527397269472,2143.7097713804546,2156.460282656875,2112.8063784430506,2103.8332092907694,2137.762366195949,31.543010176010696,-2.5666139826688945,2.407105046084343,-0.4964276494501343
91,0.9200000000000006,-1.9352356915280562,-0.54318265221472,3.1475518522174135,0.49328326656826754,-0.3267608975467962,0.6773920838791372,0.4370799691773025,11.332951859167224,-2.885894352357694,3.0031890813405773,-2.8767808474832846,3.060451637634014,-0.4220017203709439,10.889036163323595,29.98971520696392,-15.038114200489172,0.0,0.0,0.0,0.0,0.0,0.0,0.0,0.0,0.0,0.0,0.0,0.0,0.0,0.0,0.0,2168.6278672578055,2112.438566732008,2100.229456457131,2153.4358620506077,2162.481744254307,2118.822201089159,2108.7039760808557,2146.4323244127977,31.162089485424598,-2.3752735936569045,1.99806792484275,-0.5002971708270985
92,0.9300000000000006,-1.821382928595533,-0.5705359582226506,3.1768193753532312,0.4796786637766003,-0.3414086558554279,0.6776264414798661,0.4406482894915389,11.435784406311457,-2.584272414074192,2.849272113539438,-2.720614176323967,2.7776354279431477,-0.4339681187060467,9.796047160200771,30.28983767323501,-15.668395585700434,0.0,0.0,0.0,0.0,0.0,0.0,0.0,0.0,0.0,0.0,0.0,0.0,0.0,0.0,0.0,2159.4326925901614,2121.174407751669,2092.475696097936,2163.329109514281,2156.677933689699,2123.4517213715703,2104.7512233410066,2152.17783358392,30.624074363465525,-2.1904197017274503,1.6839308665310961,-0.5047706083272925
93,0.9400000000000006,-1.7065589909745476,-0.5948694017209514,3.204519484291883,0.4672461793005542,-0.35488947350403327,0.6771984332142834,0.44400084636989634,11.527123613182068,-2.282536475181879,2.68994310321641,-2.5538558625654684,2.43801790991704,-0.4444493474138923,8.646765308077065,30.17853035580842,-16.151309344662135,0.0,0.0,0.0,0.0,0.0,0.0,0.0,0.0,0.0,0.0,0.0,0.0,0.0,0.0,0.0,2149.2122215759805,2105.527032165477,2073.213964609933,2158.9715558376774,2143.327164075194,2109.7862429542624,2086.515087285431,2145.5779128379895,31.04480777004251,-2.0721944970571977,1.259495394725249,-0.5136770448249757
94,0.9500000000000006,-1.5908786930913956,-0.6161968318829116,3.2306050937736157,0.45612643636242056,-0.3671458564190482,0.6761399279501341,0.4471994991021679,11.607144772082169,-1.983394137922155,2.5265870882947414,-2.378480120533805,2.1115125227950693,-0.45363965511095505,7.544220002802859,29.85181555585803,-16.50077337472,0.0,0.0,0.0,0.0,0.0,0.0,0.0,0.0,0.0,0.0,0.0,0.0,0.0,0.0,0.0,2129.502580495115,2088.209537349438,2055.358772081447,2141.528186687294,2124.232701833008,2091.3007442105195,2067.2204924348725,2128.846631746354,31.637053840200675,-1.77366962097498,1.0276983989027824,-0.5180471083656686
95,0.9600000000000006,-1.4744439877854847,-0.6345257677684953,3.255036829061475,0.44638079867509867,-0.37819176472974897,0.6744563389941117,0.45035965456004057,11.678511304868818,-1.6816643844248567,2.359083632609957,-2.232044510555076,1.7401790326325512,-0.46210343666390213,6.780852402977544,30.32448586362535,-16.918104886367136,0.0,0.0,0.0,0.0,0.0,0.0,0.0,0.0,0.0,0.0,0.0,0.0,0.0,0.0,0.0,2147.2851031781042,2095.874947735825,2066.1621771712776,2156.347602273032,2141.0677756697455,2103.226347722229,2080.3948600555573,2144.4279669562147,31.929010355474365,-1.3808471952809676,0.8282058061790111,-0.5188093488503163
96,0.9700000000000006,-1.3573311515116186,-0.6498082649710345,3.2777730592230614,0.4380632901555508,-0.3880067876494039,0.6722748092930706,0.45342901026075727,11.742951358939608,-1.373869031132084,2.187559949372804,-2.009402310313574,1.4327461199856657,-0.469791522417114,6.132747814818984,30.970744796000815,-17.29652553808103,0.0,0.0,0.0,0.0,0.0,0.0,0.0,0.0,0.0,0.0,0.0,0.0,0.0,0.0,0.0,2157.2235042097923,2124.956876516137,2087.916885429212,2174.887001659724,2156.409302205028,2127.455113009615,2101.9726280353143,2163.799227569328,32.1828897987757,-1.1019637700931149,0.5122926911142482,-0.5191365261922347
97,0.9800000000000006,-1.2396068850539361,-0.6619885167445435,3.298777903009578,0.43116015501716204,-0.39656424181260874,0.6699501541254648,0.45607511862458977,11.800847463373412,-1.0616482595055272,2.012986379232714,-1.7065688562828512,1.171009139453743,-0.4764326625944523,5.50330059000359,31.328054682082218,-17.56045162520614,0.0,0.0,0.0,0.0,0.0,0.0,0.0,0.0,0.0,0.0,0.0,0.0,0.0,0.0,0.0,2156.8426840401926,2144.927095906364,2098.123134490462,2186.4082244195997,2158.667351829747,2143.8319427355764,2112.60236912065,2173.9812530619374,32.277641979650376,-0.8653238078135863,0.2859021168290729,-0.5197887659974669
98,0.9900000000000007,-1.1213335070444488,-0.6710307154682698,3.3180251091502972,0.4257222722917818,-0.4038376248692013,0.6676242536855613,0.4582069134196054,11.852935311491777,-0.746374126140971,1.8361405273083014,-1.4195634900469467,0.8834863981985794,-0.4820430027018625,4.968167076974339,31.608452442369316,-17.758702078314315,0.0,0.0,0.0,0.0,0.0,0.0,0.0,0.0,0.0,0.0,0.0,0.0,0.0,0.0,0.0,2166.659619059896,2151.2864844540954,2105.4295459260165,2197.293657699619,2165.969305031984,2152.5803649475633,2120.2526517756305,2184.333085224659,32.22945241877454,-0.7712932290811879,-0.029579877338620386,-0.5273498641821452
99,1.0000000000000007,-1.0025648488009813,-0.6769107544092899,3.3354960567664342,0.4217343759969984,-0.409883357422038,0.6652840672674348,0.45992701513496637,11.90003733490899,-0.4294649144702549,1.6578830057755867,-1.1567300939532597,0.6242064215347026,-0.486765009042115,4.509429846864421,31.72322879731937,-17.864240589239298,0.0,0.0,0.0,0.0,0.0,0.0,0.0,0.0,0.0,0.0,0.0,0.0,0.0,0.0,0.0,2168.929528692255,2155.0906157615036,2113.2464362263154,2197.374297166152,2168.414035340144,2155.728019019498,2125.6226554262416,2186.1131726773538,32.44449857758296,-0.5851317016974159,-0.09297356657440575,-0.5298620681872435
100,1.0100000000000007,-0.8833469546387465,-0.6796202647637631,3.351181224436044,0.4190911048378088,-0.4148339343600723,0.6628345239047979,0.46143888725276266,11.942902553993688,-0.112485343950685,1.479138924242612,-0.9766018151227065,0.33829903055246713,-0.4913244462728214,4.120137092311182,31.689410520349444,-17.87397375491384,0.0,0.0,0.0,0.0,0.0,0.0,0.0,0.0,0.0,0.0,0.0,0.0,0.0,0.0,0.0,2174.5165053187175,2147.161763457424,2114.5696167888295,2192.9728516137884,2170.4136308552675,2151.0230114458145,2125.562614878363,2182.4515355251096,32.42524433804176,-0.3624060483149294,-0.013574075891328474,-0.5274420160092012
101,1.0200000000000007,-0.76371708397418,-0.679155054485525,3.365078203811454,0.41760954001847256,-0.4188556328939576,0.6602784417769149,0.46281163576903644,11.982625511499704,0.20580955705097675,1.3002622216240634,-0.7899585935681046,0.1531158534294252,-0.4956639396982004,3.8522664791234007,31.881215792318145,-17.878291444916925,0.0,0.0,0.0,0.0,0.0,0.0,0.0,0.0,0.0,0.0,0.0,0.0,0.0,0.0,0.0,2173.174001751803,2161.8081667221213,2130.769427776276,2190.991912760294,2173.869198121292,2161.6116436545185,2138.856503823098,2184.0232683819945,32.53844691508709,-0.24781592851619516,-0.02223073520718801,-0.5239089655437326
102,1.0300000000000007,-0.6437029808037288,-0.6755032344912201,3.377188183130301,0.41695439450652977,-0.4221815328031575,0.65788508410278,0.4637876694962335,12.019818847870702,0.5245237386345212,1.1218444260395068,-0.5861684049426639,0.08307326435180272,-0.4993335806990131,3.6223176554930347,31.863183217625824,-17.812114403244816,0.0,0.0,0.0,0.0,0.0,0.0,0.0,0.0,0.0,0.0,0.0,0.0,0.0,0.0,0.0,2160.494127284534,2172.7949547484045,2140.7942886500946,2181.745945015153,2164.655132296098,2168.4568575268263,2145.930689058138,2176.8919211636103,32.95323478100512,-0.2010340016313802,-0.007113468247450291,-0.5216174038267792
103,1.0400000000000007,-0.5233266461115598,-0.6686622715455472,3.387516603160558,0.4168621252859137,-0.4250079747641948,0.6557796613327858,0.46427063839015903,12.055200061911581,0.843779057609114,0.9439152263366771,-0.42751579778778703,0.037320797930324896,-0.5022415942510563,3.472404739550683,31.94190331923119,-17.769580930680927,0.0,0.0,0.0,0.0,0.0,0.0,0.0,0.0,0.0,0.0,0.0,0.0,0.0,0.0,0.0,2162.926753810925,2176.347413932972,2150.169617539227,2180.823627655568,2165.5075197155957,2173.974460501133,2154.4889862233026,2177.108090049478,33.10224648102519,-0.2512352357210513,-0.15285820755248822,-0.5273497750921975
104,1.0500000000000007,-0.4026017866083716,-0.6586168712987119,3.3960659855089457,0.41715245805218265,-0.42749200076213206,0.653901433260726,0.4643784357665412,12.089658787882378,1.1658067403060786,0.7659404072417051,-0.3220527938652121,0.018815601617032652,-0.5045155044931081,3.409954050642483,32.291590557920415,-17.79248046052173,0.0,0.0,0.0,0.0,0.0,0.0,0.0,0.0,0.0,0.0,0.0,0.0,0.0,0.0,0.0,2176.935445474697,2188.0263845085433,2169.8327246995427,2188.688046981331,2179.2543473094483,2186.9314488356463,2172.6231618453608,2187.4002561538186,33.36283569139273,-0.2123168760071529,-0.11831892178519454,-0.5291850774033522
105,1.0600000000000007,-0.2815359261119865,-0.6453403255624401,3.4028359958789802,0.41773678662914704,-0.4297337060100519,0.652070998286499,0.46435797851363486,12.123388246971693,1.4896688720653797,0.5881328688770426,-0.29130109391939935,-0.05755012233099075,-0.5068697742372378,3.33719613610306,32.412270737989246,-17.755654074298466,0.0,0.0,0.0,0.0,0.0,0.0,0.0,0.0,0.0,0.0,0.0,0.0,0.0,0.0,0.0,2191.9714190937275,2184.1804508383166,2174.8748560062186,2193.7706968685256,2189.80727924607,2186.8345757156803,2177.7442216685236,2191.5386355096716,33.24393955011185,-0.14646483187063156,0.14642313836572884,-0.5251767537142568
106,1.0700000000000007,-0.1601357378626321,-0.6288165482584066,3.4078295717296525,0.418566051162448,-0.43178789898328956,0.6501986792818655,0.46433107645944777,12.156568745760548,1.8153862210753096,0.4106469853029022,-0.253240647623215,-0.08211806806105452,-0.5092912736230114,3.2925491343700486,32.62223685601651,-17.724026406080505,0.0,0.0,0.0,0.0,0.0,0.0,0.0,0.0,0.0,0.0,0.0,0.0,0.0,0.0,0.0,2196.825334487073,2196.121929006724,2187.7245933627864,2197.905454787027,2197.8082207763396,2195.8946581489895,2189.037223506215,2197.5565878567054,33.06051808139422,-0.11695235036179238,0.3745882264553253,-0.5185332770020277
107,1.0800000000000007,-0.0384072240563283,-0.609035074939667,3.4110520574783254,0.4193666568472589,-0.4338431921399646,0.6485001468173845,0.46406815376234317,12.188996065369835,2.1406992050732105,0.23400027447336796,-0.20194220911095953,0.021165178577250296,-0.5111930242610789,3.2076377514460575,32.486057913904794,-17.62951521252293,0.0,0.0,0.0,0.0,0.0,0.0,0.0,0.0,0.0,0.0,0.0,0.0,0.0,0.0,0.0,2180.814470633396,2204.366151855038,2195.3710408496086,2184.635467639161,2185.8241909404633,2198.9807794445583,2192.532999434267,2187.2866860262343,32.86713283908708,-0.03298847814239589,0.4056951702190316,-0.5132570679873523
108,1.0900000000000007,0.08364108735749659,-0.5860097727089726,3.412512500868458,0.41983776468638434,-0.43611116862686006,0.6471764866484412,0.4633636747431057,12.220516703043144,2.4640222611983114,0.05818494592934845,-0.16191982105064615,0.17669204642374212,-0.5122623307820023,3.1146780456179357,32.261212200513256,-17.563746185067618,0.0,0.0,0.0,0.0,0.0,0.0,0.0,0.0,0.0,0.0,0.0,0.0,0.0,0.0,0.0,2169.338930515562,2202.5570171033582,2195.947692174216,2173.563738204985,2174.3810014812634,2196.904527571377,2192.062622530462,2177.003883472439,32.719614353363774,0.002867433121311519,0.24550931732284126,-0.518262867155246
109,1.1000000000000008,0.20599993651541443,-0.5597630817059231,3.4122171787873112,0.4199995618121413,-0.4385702840792206,0.6462383382370868,0.46220394220825256,12.251110212274499,2.7849384081339656,-0.11722505432376643,-0.09939800074655462,0.2754532874206927,-0.5125871823894544,3.024847312428136,32.01184477209784,-17.541781505364785,0.0,0.0,0.0,0.0,0.0,0.0,0.0,0.0,0.0,0.0,0.0,0.0,0.0,0.0,0.0,2165.9934845575563,2192.166332189184,2184.4594486623523,2173.4058657389596,2168.984934237055,2188.510506737379,2183.8242684121656,2173.4597325610584,32.996217676407134,-0.05332560796572615,0.23718331177938679,-0.5215392987380576
110,1.1100000000000008,0.32866065123203375,-0.5303187064872955,3.4101680418463807,0.4201442062875756,-0.44100761170193536,0.6455095450535375,0.4607695297963104,12.28092303625625,3.1036097724586114,-0.29262037372888566,-0.05115246877420388,0.26004820821446184,-0.5130719384651204,2.955323121698328,31.796514322929514,-17.54810343413715,0.0,0.0,0.0,0.0,0.0,0.0,0.0,0.0,0.0,0.0,0.0,0.0,0.0,0.0,0.0,2172.1628164810013,2176.881453669411,2169.450430779513,2177.737946835553,2171.2282207294343,2177.3305867373037,2171.9143352214464,2174.7774332787635,32.4757681500633,-0.09263993873032973,0.5435378972304455,-0.5195571613978903
111,1.1200000000000008,0.45161788548064935,-0.49768711347435535,3.4063620952620965,0.42038540773863864,-0.4433612653792986,0.6447928974288805,0.4592918644467315,12.310508535517409,3.42295024216253,-0.4687131165915167,-0.053875841237926096,0.251129884747006,-0.5139042234918557,2.9500658089602894,31.968949518550005,-17.64101025623166,0.0,0.0,0.0,0.0,0.0,0.0,0.0,0.0,0.0,0.0,0.0,0.0,0.0,0.0,0.0,2184.072178555223,2182.412922516233,2180.522953662644,2183.1960150031828,2183.8143185451654,2183.5217126731636,2180.804110466219,2183.7907930969877,31.584839106355897,-0.07254249742969449,0.9263022485199148,-0.5137325529289314
112,1.1300000000000008,0.5748677932821794,-0.461873937883798,3.4007952370431958,0.42040907284666784,-0.44587314833083164,0.6441682352664307,0.4577123897596498,12.339300038029767,3.7388866979729105,-0.6445911579958418,-0.07214771507951037,0.3829201209154667,-0.514628133141758,2.8393017126635556,31.434908968678066,-17.58575805067053,0.0,0.0,0.0,0.0,0.0,0.0,0.0,0.0,0.0,0.0,0.0,0.0,0.0,0.0,0.0,2157.0272512500137,2176.8671736942088,2178.3731915601393,2153.5899690411575,2160.4284843209953,2171.84590563133,2172.218608319763,2158.2635623368787,31.564167846407425,-0.030165204643343227,0.984798553474481,-0.5072036887949043
113,1.1400000000000008,0.6983982513474567,-0.4229393523887652,3.3934741332186245,0.41980379829959646,-0.44883026938217946,0.643911603984299,0.45573457897543734,12.366517781939427,4.0466736700220975,-0.819525624592893,-0.07049505376497904,0.6230226337166369,-0.5147457514801608,2.66099254945118,30.514557891038407,-17.494559733396976,0.0,0.0,0.0,0.0,0.0,0.0,0.0,0.0,0.0,0.0,0.0,0.0,0.0,0.0,0.0,2115.7188866029405,2158.405495127731,2159.276848678388,2115.103832483759,2121.779449839818,2149.516657748903,2150.7293584137815,2120.922356964226,31.866783493155037,-0.03801111389964026,0.929058816026685,-0.5130001204961533
114,1.1500000000000008,0.8221947915752026,-0.3809507099657112,3.3844015962543987,0.4185658491160188,-0.45221619533289475,0.6440956950622285,0.4532591733597149,12.392653774100776,4.350807590958045,-0.9952507683318994,-0.0495097626602683,0.7788202451074359,-0.514159440546418,2.577493588535873,30.353010178711948,-17.649825935403427,0.0,0.0,0.0,0.0,0.0,0.0,0.0,0.0,0.0,0.0,0.0,0.0,0.0,0.0,0.0,2118.529127405162,2150.4746452697023,2149.9121424745435,2121.619825108685,2122.162670430987,2146.6644835130605,2147.416617195859,2123.9669849316765,32.17726601643459,-0.16447657460655946,0.7779773825774129,-0.5182657855168146
115,1.1600000000000008,0.9462497595171627,-0.3359191550861292,3.373560746276703,0.41699479032928394,-0.45581119634644096,0.644527741274255,0.4504836166292508,12.418261501310667,4.655723808327297,-1.1733695199323915,-0.04355958768682522,0.8431494109108703,-0.5138497488834503,2.534986237895609,30.517085064650118,-17.926213815435464,0.0,0.0,0.0,0.0,0.0,0.0,0.0,0.0,0.0,0.0,0.0,0.0,0.0,0.0,0.0,2138.1905430747274,2151.1874976860986,2150.9152131285014,2138.8999171806295,2139.2618518707554,2151.159848976451,2150.982128234528,2139.752633221981,31.781075803595932,-0.3254446698321938,1.0287634897205191,-0.5218076271739593
116,1.1700000000000008,1.0705586618811143,-0.2878295736386892,3.360924336863609,0.4153020298930547,-0.45948664217592133,0.6449159081150592,0.4477496187477257,12.443428374214353,4.962443733103956,-1.354382911559248,-0.10234697078599653,0.8132031619358847,-0.5141484319646427,2.4863766718308256,30.703715752335548,-18.218027751727206,0.0,0.0,0.0,0.0,0.0,0.0,0.0,0.0,0.0,0.0,0.0,0.0,0.0,0.0,0.0,2161.5521148007642,2149.508451170342,2155.96379727354,2153.707833669836,2158.4791163609166,2153.711359542931,2156.573620556171,2154.122624143977,31.151932660099018,-0.3191249592653302,1.539589428858644,-0.5219378525033582
117,1.1800000000000008,1.1951140084946161,-0.23668194715128316,3.346468218219623,0.4133110655292461,-0.4633934621524658,0.6451622616387562,0.44520345742435075,12.467384503130551,5.266400517985455,-1.5370684883045966,-0.2085731477845797,0.9119060445320919,-0.5149815602004985,2.329280640790188,30.25430778938354,-18.343001686588423,0.0,0.0,0.0,0.0,0.0,0.0,0.0,0.0,0.0,0.0,0.0,0.0,0.0,0.0,0.0,2142.6193649932825,2144.6903799058423,2157.412943977703,2127.200476657078,2143.0030799124656,2143.066733566359,2150.2745887860533,2133.2615192838816,30.891563362926465,-0.2523660066134588,1.5338821681465793,-0.5155232534933205
118,1.1900000000000008,1.3198994615877822,-0.18252469123597168,3.330180493644016,0.4105195672494521,-0.46787038991556734,0.6456066077098678,0.44245123033723677,12.4893512266208,5.564006158882343,-1.720686113261711,-0.25663865082985154,1.191143671058475,-0.5158578704900824,2.107902068862799,29.54954172879276,-18.44360291183089,0.0,0.0,0.0,0.0,0.0,0.0,0.0,0.0,0.0,0.0,0.0,0.0,0.0,0.0,0.0,2102.0402171411733,2143.1307534387797,2150.720291866387,2091.898373097939,2109.48700005028,2133.7656769795462,2139.8813817718074,2101.011160676505,30.827252297064664,-0.20444281792755797,1.5138211411270242,-0.5238571805579902
119,1.2000000000000008,1.4448942262646223,-0.12541748034344258,3.312047621148145,0.4069568443193016,-0.4728568131498297,0.6464265224946455,0.4392326401065183,12.509275356749974,5.856828128430098,-1.906326207354823,-0.25061159890966683,1.337184061410893,-0.5161994895020163,1.9079786127491616,29.149426793650512,-18.693868905714115,0.0,0.0,0.0,0.0,0.0,0.0,0.0,0.0,0.0,0.0,0.0,0.0,0.0,0.0,0.0,2098.6857578732856,2126.5527554247165,2127.9897585423537,2097.329733653909,2101.219158226623,2123.034003656636,2125.7971215335124,2098.668511612877,31.248671914431775,-0.37093703892692553,1.1221510309249922,-0.5337843391725098
120,1.2100000000000009,1.5700788665226628,-0.06539667677672809,3.2920435279400246,0.4030554845755933,-0.4780293414207723,0.647471621198744,0.4356773173308733,12.527359282559567,6.146979775057714,-2.0950625262794023,-0.2261907078489866,1.4142311772497778,-0.5169246465346865,1.73050803113739,28.92779772680143,-19.031421077431165,0.0,0.0,0.0,0.0,0.0,0.0,0.0,0.0,0.0,0.0,0.0,0.0,0.0,0.0,0.0,2102.571758290236,2118.9425355511507,2115.805484423504,2103.204125702267,2104.243531613994,2117.0574013077803,2115.4858910299236,2103.2386483081973,30.802082420734497,-0.6447087010651857,1.1523272449413962,-0.5480220493002435
121,1.2200000000000009,1.6954369011922157,-0.0024728449321417137,3.2701309948829023,0.39916648570113544,-0.4831666021608015,0.6483714267535607,0.4322391053791213,12.544017764185398,6.43808734394351,-2.2882079498694816,-0.2970017466077475,1.2822949510997126,-0.5185188656075523,1.5978424222904408,29.146478580447166,-19.50323675709953,0.0,0.0,0.0,0.0,0.0,0.0,0.0,0.0,0.0,0.0,0.0,0.0,0.0,0.0,0.0,2140.6474271931816,2109.3203800533743,2115.157824265661,2129.3864506077407,2133.507475145259,2118.058474055429,2119.3849448443502,2126.5697084163107,30.04258317457438,-0.664023482235097,1.6370801147815894,-0.5596340056316953
122,1.2300000000000009,1.8209522374881317,0.0633516660115429,3.2462711471426458,0.39529067569024146,-0.4883128439891757,0.6487751800607986,0.42940262440352356,12.55865670004241,6.726026353387401,-2.484100906572659,-0.46377932851630016,1.2295237048163923,-0.5215313565458758,1.3597925100885533,28.628806718799638,-19.694626227913403,0.0,0.0,0.0,0.0,0.0,0.0,0.0,0.0,0.0,0.0,0.0,0.0,0.0,0.0,0.0,2129.1320428404542,2095.3582055006855,2112.2465315814447,2102.4540660327457,2123.2159763315944,2099.9496273804866,2107.639893479799,2105.741048577183,29.781055838741786,-0.5962116356751719,1.4488018631293689,-0.5519930104972294
123,1.2400000000000009,1.9466004135254396,0.13202022783401168,3.2204465303948484,0.3908808491894132,-0.4938365591741716,0.6489868274009505,0.4267946958667913,12.570485548936599,7.006444135432694,-2.6810079563278424,-0.5529902081367223,1.4146051480293598,-0.5256774135808993,1.0561094573002805,27.791275875161503,-19.773198044847007,0.0,0.0,0.0,0.0,0.0,0.0,0.0,0.0,0.0,0.0,0.0,0.0,0.0,0.0,0.0,2079.2972978536027,2095.6478710745614,2104.509507323831,2057.166307958777,2083.830874371477,2088.531855911191,2094.1301522176964,2065.350192547639,29.75884583148121,-0.49437490489781477,1.3979541410923007,-0.5621342420879674
124,1.2500000000000009,2.072352474794652,0.2034633662524407,3.192644046854837,0.38598511645844163,-0.49966981945405375,0.6492440165154172,0.4240610432688264,12.579468461821218,7.2815472125733685,-2.879921077663864,-0.5684994314914635,1.4244652016847128,-0.5292710438843355,0.7775942814625125,27.370866316883458,-20.019231098404866,0.0,0.0,0.0,0.0,0.0,0.0,0.0,0.0,0.0,0.0,0.0,0.0,0.0,0.0,0.0,2077.0116876698157,2076.329973926993,2076.7498171390157,2067.462385649947,2075.2480634053036,2076.8556882424523,2078.1647131706854,2065.3169154021025,30.323995233451164,-0.7022519531191725,0.6383273397548358,-0.5793905006444586
125,1.260000000000001,2.1981811172127697,0.2776433482241123,3.162837747761294,0.3811132153288428,-0.5054509723568982,0.6494736481958581,0.42125528120646766,12.585843419008096,7.5541394044164125,-3.0818864895395928,-0.5293525264930173,1.4144465184080395,-0.5329757792336747,0.526356239527459,27.17907284974075,-20.34565143044631,0.0,0.0,0.0,0.0,0.0,0.0,0.0,0.0,0.0,0.0,0.0,0.0,0.0,0.0,0.0,2075.864020510739,2076.1370927490234,2067.350383471529,2073.384559380133,2076.431684023694,2075.338941917412,2069.558376937496,2071.1793554893575,29.878145695807607,-1.0372004177647798,0.08319558660096416,-0.6080325959674534
126,1.270000000000001,2.3240622202028374,0.3545544659519058,3.1309901853157953,0.3767379962145815,-0.5108889196762222,0.649268950826071,0.41894011917396684,12.590021255677435,7.828587661840901,-3.2883965371436252,-0.615139711845469,1.0675735767108392,-0.5376628833906946,0.31679694984276807,27.521932164009222,-20.828577090347355,0.0,0.0,0.0,0.0,0.0,0.0,0.0,0.0,0.0,0.0,0.0,0.0,0.0,0.0,0.0,2131.342263976484,2059.072199528672,2061.26534207457,2113.9048898182386,2117.19240325694,2075.8542739053782,2072.4683527148827,2105.027032069622,29.046172590036413,-1.1889045552827622,0.08705507133585721,-0.6339536257128213
127,1.280000000000001,2.449972757286197,0.43420359569874545,3.097064980936595,0.3732678664977839,-0.51576808234065,0.6479675908368816,0.4180817937962484,12.591616624290767,8.100549877919908,-3.4967146137095337,-0.8188155376259912,0.6376871576234998,-0.5445413508773094,0.03348881790898872,27.05889263170569,-20.85987401621514,0.0,0.0,0.0,0.0,0.0,0.0,0.0,0.0,0.0,0.0,0.0,0.0,0.0,0.0,0.0,2137.4787599620154,2028.6974932978817,2043.4859532911094,2099.963004757987,2119.2507691778897,2046.633696466274,2049.542893947933,2092.8008240126233,28.84372976537188,-1.4298531707130726,-0.5601527615222197,-0.6229991411836112
128,1.290000000000001,2.57588401020087,0.5165391022147618,3.0610619848459892,0.37040846373162434,-0.5203020635694113,0.645593841889738,0.4186787837417105,12.590092863051138,8.365376714181627,-3.703546622315708,-0.9918595512973194,0.403547247028141,-0.5537950493201483,-0.295415100966423,26.259453080738737,-20.62465115232559,0.0,0.0,0.0,0.0,0.0,0.0,0.0,0.0,0.0,0.0,0.0,0.0,0.0,0.0,0.0,2094.1288628543925,2019.8785967348863,2030.1096606084443,2053.394399759237,2084.821801939864,2026.377824300286,2028.581204142439,2052.2961488911283,28.8296054281335,-1.5037709624642268,-0.9342582755246778,-0.6321775008756765
129,1.300000000000001,2.701763873268789,0.60149848057083,3.022998038723216,0.3680985979986831,-0.5245233848105209,0.6421701874104389,0.4207090340598358,12.585328225491676,8.626185126663922,-3.909058369848764,-1.201185371801603,-0.02309579864493174,-0.5618076816943501,-0.6264286895341087,26.025766021506413,-20.503833721277065,0.0,0.0,0.0,0.0,0.0,0.0,0.0,0.0,0.0,0.0,0.0,0.0,0.0,0.0,0.0,2101.1255180363437,1992.0535827296637,2009.0582568532134,2061.0939347681015,2082.9236685050696,2010.1685907788947,2017.0964686094821,2052.9913834673875,29.215928952966777,-1.9031569688931267,-2.3192272308711672,-0.6544229531087356
130,1.310000000000001,2.827579212356367,0.6890614304045244,2.9828849208441963,0.3666613884418716,-0.528195206792277,0.6375688292055065,0.4243527280141634,12.577154728072317,8.886446916006474,-4.11328971659269,-1.342451656347924,-0.4180904099185744,-0.5692234187575506,-0.9763931841622053,26.042682395974737,-20.342518390188857,0.0,0.0,0.0,0.0,0.0,0.0,0.0,0.0,0.0,0.0,0.0,0.0,0.0,0.0,0.0,2095.9900805768525,1996.1061530863751,2005.138930159378,2063.0743826675966,2082.9530752886276,2009.4609657092722,2012.7390329752718,2055.9415687624933,27.677162912252406,-1.9637627193515381,-4.491203754888126,-0.6852778355974186
131,1.320000000000001,2.9532950043905433,0.779237672656331,2.940736728405589,0.3666181598624563,-0.5309357276058498,0.6313384117938937,0.4302443350054444,12.565373219251939,9.14954307670192,-4.316000023672288,-1.6163071781159772,-1.2596897278275314,-0.576710659194428,-1.3518688645781651,26.473858487534585,-20.143412069576705,0.0,0.0,0.0,0.0,0.0,0.0,0.0,0.0,0.0,0.0,0.0,0.0,0.0,0.0,0.0,2153.918163126292,1961.858785131989,1982.5139320517674,2107.0279124752888,2122.2938848782896,1998.8891816521643,2004.0254393664613,2088.542531244723,25.79104767998846,-1.857456537731197,-5.873760428688974,-0.7177704154868817
132,1.330000000000001,3.0788734871959234,0.8720175601209894,2.896596246189502,0.36956799389999456,-0.5315746004496652,0.6224454271787542,0.43978361977883024,12.549693283958538,9.40500368241685,-4.5103259817354635,-1.7804084546506451,-2.687929641491125,-0.5860534607513291,-1.7351955451907486,25.331025359422554,-18.99227923393987,0.0,0.0,0.0,0.0,0.0,0.0,0.0,0.0,0.0,0.0,0.0,0.0,0.0,0.0,0.0,2154.413286841888,1854.758958974789,1859.8171759575669,2113.7575454090907,2107.4842352956666,1905.3887206403645,1902.673048188171,2072.853868993101,24.69196567044671,-2.1087261714716767,-6.642205316373591,-0.7038116665785661
133,1.340000000000001,3.2042776106567263,0.9672881587307056,2.8505790208806943,0.37660661319368316,-0.5291466841979509,0.6104996348796725,0.4532785471571361,12.530629491433519,9.647189257280703,-4.690602613237692,-1.8182142353830149,-4.077986804916069,-0.5971477341106217,-2.040005902713915,23.913600381350264,-17.402646139029976,0.0,0.0,0.0,0.0,0.0,0.0,0.0,0.0,0.0,0.0,0.0,0.0,0.0,0.0,0.0,2085.289651083529,1793.854331596853,1772.2045826785288,2057.56989600595,2046.6892928262691,1831.6533996343192,1811.0347175866273,2018.7995538733205,22.246874159087945,-1.9862966922141934,-6.554765888855107,-0.7091234329638915
134,1.350000000000001,3.32947713271072,1.064930895052727,2.802835921195427,0.387060326842007,-0.5238133443761559,0.5956296956728634,0.4701373727657458,12.508842652410177,9.880425432679923,-4.855412679063531,-1.9704311018815324,-5.192304654563093,-0.6053994362827885,-2.297956124055034,23.202968682626945,-15.80232686883054,0.0,0.0,0.0,0.0,0.0,0.0,0.0,0.0,0.0,0.0,0.0,0.0,0.0,0.0,0.0,2022.2456504946904,1770.324796799815,1763.831357281493,1989.1898360209902,1990.0940294820002,1802.3445892307343,1787.1001607652886,1965.1237016834648,19.51251518762486,-2.1372198741380743,-7.534907081510547,-0.7283998676100564
135,1.360000000000001,3.4544478815942794,1.1648350008201847,2.753535782511471,0.3995532865637836,-0.5162698925744521,0.5784695636539641,0.4890762038202585,12.485009250332373,10.09762066958373,-5.001459243409611,-1.9815865386137064,-5.774019348296144,-0.6119468928625593,-2.47157609370241,21.249472666589497,-13.822646801912697,0.0,0.0,0.0,0.0,0.0,0.0,0.0,0.0,0.0,0.0,0.0,0.0,0.0,0.0,0.0,1874.21226946408,1738.8938750066077,1715.7290936387137,1854.4141724816375,1860.2710627559604,1743.8591889148881,1721.8684660605995,1839.935749900266,23.48411040921966,-2.6853383376243145,-9.707353876709394,-0.7369171867426598
136,1.370000000000001,3.5791736422522202,1.2667993637654034,2.702872785566168,0.4134690459355816,-0.506720727934368,0.559275181570238,0.5094003565118123,12.459960925605337,10.291875076813422,-5.128086217092324,-2.070747484346781,-6.5534262968323524,-0.6184830497180189,-2.5675365627755298,18.83712807030946,-11.898277259684953,0.0,0.0,0.0,0.0,0.0,0.0,0.0,0.0,0.0,0.0,0.0,0.0,0.0,0.0,0.0,1784.9078147191276,1603.3022753257646,1581.424589113367,1756.3424099513034,1752.662418754161,1627.852961903056,1600.5563597183377,1728.790986600719,25.74292757517592,-3.4017815267352254,-10.0,-0.7296319595802943
137,1.380000000000001,3.7036349841889464,1.370760921078261,2.651015779692278,0.42935770775855725,-0.49424328966879233,0.5366350501809508,0.532351718624986,12.431561129489447,10.506260136102771,-5.240902435539913,-2.3856488577202204,-7.941320898599229,-0.6222729012893465,-3.020737101826043,22.56358751778187,-10.536107310011644,0.0,0.0,0.0,0.0,0.0,0.0,0.0,0.0,0.0,0.0,0.0,0.0,0.0,0.0,0.0,2002.6184278235346,1668.8752803539626,1683.0269000981611,1948.8459001112174,1954.9638342374278,1746.5577869512383,1735.3325469012698,1919.0786812401755,26.217378196382562,-3.720403398786777,-10.0,-0.7029931549703176
138,1.390000000000001,3.8277889212042457,1.4770230433371152,2.598118882541833,0.44662757694897587,-0.47873665718520314,0.5094800377722695,0.5583593033946789,12.398391668071735,10.749772979350045,-5.334653991153513,-2.8888748040412295,-8.821852156884908,-0.6243742421597299,-3.530999319742989,25.02417941289181,-8.302707389439945,0.0,0.0,0.0,0.0,0.0,0.0,0.0,0.0,0.0,0.0,0.0,0.0,0.0,0.0,0.0,2056.945479654886,1801.9061999663845,1845.9130591427709,1977.3650171145314,2029.910471922528,1843.0267039201321,1854.8969794444865,1978.2730476548472,27.99947420323509,-3.2309337483312204,-9.999999999999996,-0.7311497060793671
139,1.400000000000001,3.9515865486724695,1.5857878398423177,2.544407655208683,0.463599928068844,-0.46130818547153474,0.4784269406124508,0.585984238019875,12.360288406727523,11.003762248878719,-5.403104952845608,-3.2944025510359025,-9.326681001527529,-0.621553715827532,-4.038834790417667,25.467977126638175,-5.625446783955823,0.0,0.0,0.0,0.0,0.0,0.0,0.0,0.0,0.0,0.0,0.0,0.0,0.0,0.0,0.0,2031.8579426102826,1870.2296526621155,1908.2140487798108,1964.6393794170356,2015.4897186027501,1890.3168973530055,1908.147194479757,1966.9913540406671,29.0967163387547,-3.255523648597848,-9.999999999999995,-0.7505156815768412
140,1.410000000000001,4.074972619218376,1.6971403581718012,2.4901559754975944,0.4799266369314152,-0.44204333781432364,0.44479752174531734,0.6135334345468854,12.31579614439004,11.268455224884447,-5.442020552940098,-3.2640341414913965,-9.613527242433944,-0.6189257152804635,-4.732073839893047,26.703833013602463,-2.5027947158884345,0.0,0.0,0.0,0.0,0.0,0.0,0.0,0.0,0.0,0.0,0.0,0.0,0.0,0.0,0.0,2046.1671592232137,1989.9040463061597,1963.4452336453273,2029.9905898778368,2049.0447158464003,1993.9231001931284,1975.7814281454034,2024.1182749734194,28.930726761793682,-4.044643211643914,-10.0,-0.7424123388812838
141,1.420000000000001,4.1978801548348,1.8111784463861467,2.435675609084653,0.4955209288710291,-0.4209458866934192,0.4095285009468865,0.6399609178995854,12.264645157974885,11.539381769522043,-5.448598538231534,-3.2812845650983316,-9.775261215278475,-0.6187914687348541,-5.386205375558006,26.99652066904079,0.786119210453684,0.0,0.0,0.0,0.0,0.0,0.0,0.0,0.0,0.0,0.0,0.0,0.0,0.0,0.0,0.0,2073.16904160587,2047.1674276489277,2012.5052782343441,2058.2249567191493,2072.933089841286,2051.695497836299,2017.4328368360625,2057.2816262386386,28.785531633612933,-4.391059360442485,-10.0,-0.7366291347634806
142,1.430000000000001,4.32024757495483,1.9278986988786173,2.3812857013474855,0.5096136157800368,-0.3988501715445849,0.37218784093381707,0.6653485660399939,12.207923984941106,11.802600757170081,-5.424438857690011,-3.6769337709114267,-9.86595911872454,-0.6176964229605086,-5.927235510469586,25.754240814757523,3.7500947370894266,0.0,0.0,0.0,0.0,0.0,0.0,0.0,0.0,0.0,0.0,0.0,0.0,0.0,0.0,0.0,2084.932275517986,2026.3343671009447,2039.4850786155932,2025.0614424860937,2071.7895536350975,2039.7606889381718,2028.8890257791625,2035.6158158363867,30.22065384132948,-4.28906983551897,-9.999999999999991,-0.695677636718724
143,1.440000000000001,4.442019276967152,2.0471815831502402,2.327283010685409,0.521660817633155,-0.37636986533158523,0.3323960567238285,0.6897308005961762,12.145384115146186,12.051269570553362,-5.371392528931144,-4.029677406269288,-9.916574438369048,-0.6142673545454863,-6.539845578430459,24.13029737838812,6.57380455638279,0.0,0.0,0.0,0.0,0.0,0.0,0.0,0.0,0.0,0.0,0.0,0.0,0.0,0.0,0.0,2078.3342431235483,2022.532856991334,2040.8270453313244,2014.3132780995663,2068.7094676413626,2032.1065304871756,2032.4647337984638,2022.1897134102785,32.22948481615281,-3.5043282291032436,-9.999999999934719,-0.7189257632454753
144,1.450000000000001,4.563126181041506,2.1688990212245827,2.2739714896731082,0.5317975154039873,-0.3532997527236402,0.29073140041341994,0.7126331034615304,12.074483569808972,12.290656871868642,-5.285203562177089,-4.1605858153218325,-9.944965969771689,-0.6067472701482624,-7.469998576299375,23.352542666220444,10.068115848971715,0.0,0.0,0.0,0.0,0.0,0.0,0.0,0.0,0.0,0.0,0.0,0.0,0.0,0.0,0.0,2106.6044966611453,2083.0707517904652,2079.95544063813,2077.1718720302206,2107.220603818845,2087.3269505603926,2081.456730154005,2080.4961908320392,34.39436628149381,-3.384562083110008,-9.915841884648998,-0.7415869549745349
145,1.460000000000001,4.683473266419374,2.292974363387752,2.22170883106031,0.5405570496336021,-0.3288584431193413,0.24852819329011566,0.7334057114725038,11.993270322715759,12.522685315019539,-5.161035011079069,-3.849907305875866,-9.961638323816981,-0.6008135651819578,-8.513363528324547,22.524270826117743,13.963107827485999,0.0,0.0,0.0,0.0,0.0,0.0,0.0,0.0,0.0,0.0,0.0,0.0,0.0,0.0,0.0,2146.8117924836924,2181.5282928772226,2118.254421032683,2168.5489752120316,2160.8867083801756,2175.099711549887,2132.658611328579,2161.018810899084,35.939162835106536,-3.9306837162665587,-9.999999999999998,-0.7336162526834641
146,1.470000000000001,4.802956019302524,2.4193203884632206,2.1708887860702566,0.5481784938509313,-0.3027980576123878,0.20657536663235904,0.7517581346990508,11.901700589381278,12.744012069465438,-4.996516717523292,-3.6531876279100515,-9.933760698341894,-0.5991269356901022,-9.51936582412749,21.24469970659071,18.004877914365558,0.0,0.0,0.0,0.0,0.0,0.0,0.0,0.0,0.0,0.0,0.0,0.0,0.0,0.0,0.0,2218.1220685856056,2256.4042428060084,2193.909534727765,2231.6263635399,2227.524564266913,2254.5723260174964,2200.7681928004736,2231.819398963479,36.26595436136412,-4.147736542579632,-9.999999999999902,-0.733913188404846
147,1.480000000000001,4.921477430459409,2.547791999890786,2.1219040986259925,0.5542762202457443,-0.2758536432529677,0.16410740323618428,0.7679527325149849,11.801248902053196,12.946326652378458,-4.794762902942529,-3.816306623324642,-9.957163694935668,-0.5978688257051235,-10.360821017373567,19.010321239173678,21.542714548186126,0.0,0.0,0.0,0.0,0.0,0.0,0.0,0.0,0.0,0.0,0.0,0.0,0.0,0.0,0.0,2293.065634371012,2281.149232598455,2262.603910687401,2265.57899240047,2288.6443521617743,2290.8465385945065,2260.171210346486,2273.2208128327193,36.41531818963126,-3.966652525647971,-9.999999999999998,-0.6840232601946783
148,1.490000000000001,5.038960105826679,2.678145362517574,2.075083624544461,0.5585666599880544,-0.24852584069274636,0.12046777940421478,0.7821289580262135,11.694381132865212,13.118683889416335,-4.565525333769759,-3.9890032048045927,-9.967837209823621,-0.5958194323042572,-10.918364975644579,15.66412006827278,23.889616348156117,0.0,0.0,0.0,0.0,0.0,0.0,0.0,0.0,0.0,0.0,0.0,0.0,0.0,0.0,0.0,2309.3408400197295,2289.6919206711677,2279.83007817618,2272.782555437687,2305.459520623132,2294.9710812490625,2276.1366470018406,2277.6585883928274,35.31188698264061,-3.630697518361181,-9.338160186243233,-0.6836479648475285
149,1.500000000000001,5.155348607259038,2.8100455418524874,2.030659848570804,0.5611239488172344,-0.22068674760008297,0.07612425846267049,0.7941299457714461,11.582594543708527,13.255092752671176,-4.316363083219779,-3.9874030234448874,-9.974466600094411,-0.5897796646015693,-11.363060267518321,11.930674271393826,25.647750583741136,0.0,0.0,0.0,0.0,0.0,0.0,0.0,0.0,0.0,0.0,0.0,0.0,0.0,0.0,0.0,2301.056454782169,2300.8778918497383,2279.7521377682137,2290.379481961962,2302.2658881953266,2300.0900583160483,2281.2797479232445,2289.4910121749886,22.950057535505326,-3.3045203550874898,-8.11068705652935,-0.707507111194902
150,1.5100000000000011,5.270608407290313,2.9431081115566005,1.98877558639599,0.562092407246024,-0.1925405083742078,0.03229558633004697,0.803702229345527,11.469301901711864,13.350534934109433,-4.059976688256645,-3.828319999648188,-9.6807624432558,-0.5830513315409478,-11.372817285414172,7.736080447660498,25.862855107306792,0.0,0.0,0.0,0.0,0.0,0.0,0.0,0.0,0.0,0.0,0.0,0.0,0.0,0.0,0.0,2233.2973710469814,2302.557473263676,2260.4769892100203,2242.499787386921,2246.7688530933196,2286.741291445794,2253.3456593469227,2246.037064492289,11.297268064401186,-3.375447386078882,-8.075579692712282,-0.7001011773330222
151,1.5200000000000011,5.384826651661926,3.0768484178331703,1.9491531537454652,0.5616608864407765,-0.1653747918223124,-0.009343416499513178,0.8106176209782295,11.378742242915612,13.388965051583996,-3.8793232150059085,-3.5897447951346013,-8.966154129393713,-0.5800916147505705,-8.26829477612101,1.9637843356150597,15.407264838677381,0.0,0.0,0.0,0.0,0.0,0.0,0.0,0.0,0.0,0.0,0.0,0.0,0.0,0.0,0.0,1763.0675466626976,1940.945972294684,1873.828272364231,1781.4770316703332,1772.9199032119745,1893.2526900203688,1835.8353064472096,1777.675305912014,12.182438770322557,-3.75644105751499,-8.782759540411561,-0.6989947102070224
152,1.5300000000000011,5.498299221063287,3.2107432291344393,1.9107949564415883,0.5600432246586693,-0.1396314797050546,-0.04877394739551693,0.8151538127523883,11.320261762900197,13.38518370337304,-3.8076762829646467,-3.5095381885541497,-8.579562535860811,-0.5801077464317449,-5.043323472483152,-1.4013686058849117,4.39606469198317,0.0,0.0,0.0,0.0,0.0,0.0,0.0,0.0,0.0,0.0,0.0,0.0,0.0,0.0,0.0,1243.5652334932415,1396.7089906616368,1326.8232697163105,1244.8290972093805,1228.789740580899,1358.740906879474,1291.4232891374916,1225.7526540375425,12.145756673731292,-3.5607013192338726,-8.569484050645631,-0.6533949418681277
153,1.5400000000000011,5.611247945740836,3.3445006517850673,1.8729413327458284,0.5571995264887301,-0.11427356961817703,-0.08780947305387304,0.8177773140711694,11.269281964330629,13.36417480397474,-3.762633754638156,-3.6496490820373633,-8.67124238709427,-0.5788021323511677,-5.138503865543598,-2.6797435284073856,4.563744365951639,0.0,0.0,0.0,0.0,0.0,0.0,0.0,0.0,0.0,0.0,0.0,0.0,0.0,0.0,0.0,1360.061101302157,1323.2726020450698,1298.997779837686,1316.2664488887917,1341.3690177516469,1346.3179386812317,1305.1995880705606,1312.3689499138918,10.097870929576548,-3.107379891788152,-8.111136990871694,-0.6328901002385859
154,1.5500000000000012,5.723683901625031,3.477983734386966,1.8355389716775452,0.5530759744253626,-0.08867966020796603,-0.12695174666388304,0.8186123248509177,11.217923065966492,13.330319859385888,-3.718245855568431,-3.6129881619342803,-8.6127277095584,-0.5745440442629447,-5.130630748222842,-3.955168659173225,4.322109991012013,0.0,0.0,0.0,0.0,0.0,0.0,0.0,0.0,0.0,0.0,0.0,0.0,0.0,0.0,0.0,1326.4273588011138,1345.1402788451635,1308.519636461751,1317.135765624741,1333.0704209047963,1338.5969407507632,1306.7084889533633,1319.1302068058392,9.157077248051655,-3.0537183180877316,-7.935950605996497,-0.6451336008466747
155,1.5600000000000012,5.835623775587971,3.6110743523675453,1.7985112837208808,0.5478827022631966,-0.06310603502714761,-0.16484467449268939,0.8177214722601633,11.170906832556966,13.286424359296236,-3.690464544562257,-3.377047128970648,-8.381324831460303,-0.5677369381805709,-4.537565312045189,-4.779153171359241,2.1469886158613782,0.0,0.0,0.0,0.0,0.0,0.0,0.0,0.0,0.0,0.0,0.0,0.0,0.0,0.0,0.0,1159.247952145765,1282.3943627616618,1204.8475183782082,1201.2506699899784,1180.1632301165732,1254.5650586368918,1196.9668200238598,1197.5032220391602,10.42845867153818,-3.3038746077073426,-8.216549615232731,-0.6551513920260842
156,1.5700000000000012,5.947115325777116,3.743688081252891,1.761679646625542,0.5417823830262019,-0.03779730148760807,-0.20104253211606643,0.8152454315867493,11.127905766476058,13.23518728336533,-3.6778159092049587,-3.2416958754493397,-8.182132801549116,-0.5636956816147088,-4.197627596226994,-5.447466158075898,0.8473888142854769,0.0,0.0,0.0,0.0,0.0,0.0,0.0,0.0,0.0,0.0,0.0,0.0,0.0,0.0,0.0,1107.7235614762728,1221.8103075415142,1145.197446945568,1133.9779337378045,1119.7587112561205,1205.7999444781985,1138.2315328434431,1134.279025000038,13.868819582328463,-3.2769064783682507,-8.286620788030111,-0.7273179665138652
157,1.5800000000000012,6.0581769475394065,3.8757416270427694,1.7249649389015773,0.5347096004980558,-0.012693233283255818,-0.23640923436053443,0.8111936876437664,11.084070757075162,13.17353070620571,-3.6643343741069416,-3.2911773464587957,-8.19550824938004,-0.5613155937109812,-4.437072249034557,-6.66203061453885,1.4263578533593169,0.0,0.0,0.0,0.0,0.0,0.0,0.0,0.0,0.0,0.0,0.0,0.0,0.0,0.0,0.0,1237.8162541361642,1237.9506469893574,1201.3565140460403,1216.4501484996454,1232.0948114114553,1251.673076004312,1205.1253097925908,1219.5778523471288,17.362942040889507,-2.964619965007234,-7.983575109999507,-0.6609803972489108
158,1.5900000000000012,6.168772056073331,4.007089339224417,1.688465031547422,0.5265547437682268,0.012475779658100273,-0.271504984185776,0.8055243635666032,11.033802779661077,13.09232056833079,-3.6323881622519623,-3.294725007466811,-8.22811162418954,-0.5651545765531196,-5.224588899807259,-8.971486372779225,3.7077465520471975,0.0,0.0,0.0,0.0,0.0,0.0,0.0,0.0,0.0,0.0,0.0,0.0,0.0,0.0,0.0,1431.5169853981988,1424.2118631205876,1371.4174995769094,1396.0292555038754,1438.851351928379,1435.8601254952032,1382.338317620131,1403.233241474078,32.217527446248894,-3.1404576769599957,-8.397191872224987,-0.5753651134194796
159,1.6000000000000012,6.278825272420654,4.137495569206045,1.6523960403164306,0.5174290812525233,0.0376668686017514,-0.30568567589983947,0.7983762398979358,10.97576340217979,12.984422990329044,-3.578495685605763,-3.145904801494817,-8.112891247726589,-0.5663485569165347,-5.978884885649904,-11.81450685788299,5.806362851077385,0.0,0.0,0.0,0.0,0.0,0.0,0.0,0.0,0.0,0.0,0.0,0.0,0.0,0.0,0.0,1558.4461705278932,1614.6319565847368,1557.4811489894714,1568.1767708854618,1580.07767420954,1609.91346384222,1566.6290005681556,1577.2268891666793,43.28663954925205,-3.2219706997493844,-8.146866553874075,-0.5754739850094676
160,1.6100000000000012,6.388189264653449,4.266506442519718,1.6171929729460202,0.5072981674728522,0.0629244973657268,-0.3389769707001963,0.7897997785799102,10.892165785590105,12.802598408067041,-3.447531714659438,-3.1617880616434317,-8.233183171394213,-0.5594724825828435,-9.229233631542044,-21.39817972787128,15.620010539041829,0.0,0.0,0.0,0.0,0.0,0.0,0.0,0.0,0.0,0.0,0.0,0.0,0.0,0.0,0.0,2139.5674007214425,2121.4771529826676,2110.2457692723274,2144.1026735657956,2159.0449280892008,2157.7753995203534,2143.71572299187,2167.6786471657438,44.487329054026695,-3.069314308316367,-7.578338056918437,-0.46638772824944047
161,1.6200000000000012,6.496579841344717,4.39321815640714,1.583703792136538,0.4960784074640985,0.0881649878054902,-0.37186025401832984,0.7796493442917559,10.78280331955256,12.524893671482294,-3.241699061076424,-3.202865214694552,-8.185944591682127,-0.5498605863495425,-11.445558918667942,-30.96602360271561,21.832521377198155,0.0,0.0,0.0,0.0,0.0,0.0,0.0,0.0,0.0,0.0,0.0,0.0,0.0,0.0,0.0,2481.8014814906396,2486.4013499282164,2481.5685109061033,2479.670836516512,2501.513287805705,2502.942372939422,2495.1833170736686,2501.6253266396475,44.2430138107313,-2.828077633921507,-6.8320868650613145,-0.37527215476184195
162,1.6300000000000012,6.603834323121849,4.516830539719574,1.5523658689670128,0.4841602857980881,0.11259366530512631,-0.40360828025632056,0.768122282125448,10.668514125470503,12.191464268032535,-3.0286722626714306,-3.1472835148320226,-7.910492412313745,-0.5329430079288489,-11.26537527003535,-34.836013720479286,20.39088639401232,0.0,0.0,0.0,0.0,0.0,0.0,0.0,0.0,0.0,0.0,0.0,0.0,0.0,0.0,0.0,2502.276205860851,2551.388834813938,2551.624886637675,2523.098322785884,2514.761472011957,2544.200353729826,2547.6673093272,2532.2713069924716,43.629278401962104,-2.3408635022115325,-6.0475549658685095,-0.3311392474136243
163,1.6400000000000012,6.709968558937961,4.636960149882583,1.5230425461161907,0.472006077089535,0.13555292326430812,-0.43332888435475325,0.7556862749639651,10.55937092444728,11.830793611292652,-2.8407843054039614,-3.0033885324235134,-7.42952779597163,-0.5080037773936678,-10.639239480731533,-37.04638099860347,17.50756336805237,0.0,0.0,0.0,0.0,0.0,0.0,0.0,0.0,0.0,0.0,0.0,0.0,0.0,0.0,0.0,2470.9876593162376,2562.7521092763704,2563.8444923490288,2512.8986117681648,2487.0969982083225,2547.3478347945456,2554.749747657663,2521.4023111414685,43.1502726001707,-1.8980227041086715,-5.295359485297398,-0.31050893716218003
164,1.6500000000000012,6.815045055979123,4.753390989160092,1.4954470718765165,0.4600326289030085,0.15670059367492545,-0.4602049503178707,0.7429847293110666,10.457072932388758,11.4528982042731,-2.683304263827298,-2.6919116848940416,-6.817643163972358,-0.4804995296658916,-9.935251887510432,-38.49093103938195,14.451424995849838,0.0,0.0,0.0,0.0,0.0,0.0,0.0,0.0,0.0,0.0,0.0,0.0,0.0,0.0,0.0,2432.1682551318836,2563.387109545351,2550.8111309136366,2495.1707250064824,2453.974612884227,2542.1332405338067,2542.3208911236748,2501.2936276592,42.39602156146287,-1.7147032055359697,-4.4057732389606805,-0.28528334379449916
165,1.6600000000000013,6.919132926536603,4.865976397661324,1.4692794446670474,0.4485564507104795,0.17596973291374665,-0.4837277010602858,0.7306430557058711,10.361601330540006,11.062244999570735,-2.554772842371094,-2.3215653663850295,-6.1462461236758275,-0.4546637321936851,-9.261203923836447,-39.61622949859667,11.66862049988504,0.0,0.0,0.0,0.0,0.0,0.0,0.0,0.0,0.0,0.0,0.0,0.0,0.0,0.0,0.0,2408.5209343630586,2559.133256059616,2537.692863228601,2479.731387971509,2432.0219884846397,2536.839991371478,2529.378884239446,2485.8669597094085,42.40234574542611,-1.4883251636684596,-4.370852371645035,-0.24493688936340716
166,1.6700000000000013,7.02230054918507,4.97461269896166,1.4442599191571202,0.4379660582274649,0.1930857719344108,-0.5039496727198011,0.7189842445302921,10.273012933697718,10.663996310819641,-2.4533946347232765,-2.0446017244213652,-5.3782363288062935,-0.4307892215175964,-8.584948446685559,-40.159188503759324,9.045277562177212,0.0,0.0,0.0,0.0,0.0,0.0,0.0,0.0,0.0,0.0,0.0,0.0,0.0,0.0,0.0,2382.9113776448417,2541.194682901781,2528.1664967515835,2446.0257957219833,2405.679444438092,2518.7701688194843,2514.415495197459,2457.2490968572383,42.626350368422486,-1.3992963565465135,-4.398920253234198,-0.22825369310114504
167,1.6800000000000013,7.124611355595126,5.0792269312945075,1.4201373124758547,0.42818783166614743,0.20837682572408361,-0.521474989479166,0.7080240918654546,10.190004679693029,10.25735478877159,-2.37458356405377,-1.7869465057856626,-4.943033214749769,-0.4069687588051788,-8.069606613529956,-41.059041404745145,6.9580666694952775,0.0,0.0,0.0,0.0,0.0,0.0,0.0,0.0,0.0,0.0,0.0,0.0,0.0,0.0,0.0,2408.1290283180783,2513.502317238726,2506.9968478393766,2468.6027979469827,2419.803401882244,2503.002704717103,2504.9962368030165,2469.8241641085874,41.25482245434351,-1.2415829057943641,-2.080202870051924,-0.2226652236302042
168,1.6900000000000013,7.2261168896196555,5.17972671552249,1.3967036308767804,0.41866513075975575,0.22274546774082574,-0.5371873717330734,0.6975196717923806,10.11192490296164,9.841061085606926,-2.3153061348211526,-1.6113697728094711,-4.704881722585494,-0.38390027918852404,-7.580688419624337,-42.013337712701215,5.07124762478961,0.0,0.0,0.0,0.0,0.0,0.0,0.0,0.0,0.0,0.0,0.0,0.0,0.0,0.0,0.0,2436.681470939197,2499.0466525195766,2500.190644812379,2486.9528988694697,2443.349968455812,2494.043768901944,2500.057261652383,2486.8483339601,40.48562318514702,-1.1181245658843346,-0.4396422379363809,-0.23618555714726533
169,1.7000000000000013,7.326872072609451,5.276063275841177,1.3737561303474983,0.4104976186152737,0.2348800776448953,-0.5505619597517687,0.6878986718340202,10.040043482028345,9.42699472744278,-2.2775371287319914,-1.4391894519770545,-3.525938001489234,-0.36283718703159007,-6.972948214665209,-41.33810914608205,2.9529600430211467,0.0,0.0,0.0,0.0,0.0,0.0,0.0,0.0,0.0,0.0,0.0,0.0,0.0,0.0,0.0,2327.274871659224,2528.920935627753,2530.4613713067133,2374.8165477926555,2366.000891249489,2491.6430987573535,2498.398427800725,2405.068184175674,40.49151245520182,-0.7502746632932671,0.21681599440286203,-0.2234713847591793
170,1.7100000000000013,7.4269318332033825,5.36828203885665,1.3510954879575354,0.40546082853669496,0.24278927749774862,-0.5605723736778538,0.6800099242831937,9.972340915982496,9.017281867415177,-2.2569197705155046,-1.2898386102048456,-2.1732091947643872,-0.3461579120195807,-6.681749850619312,-40.905426234850495,1.4889838490153018,0.0,0.0,0.0,0.0,0.0,0.0,0.0,0.0,0.0,0.0,0.0,0.0,0.0,0.0,0.0,2285.5925603345813,2526.988553800872,2526.5128616401753,2325.6952919245355,2322.6757444870627,2492.586365394649,2496.6889039322177,2355.2001705656444,40.57282034752322,-0.4146221500760349,0.8701377432806304,-0.2018627931564668
171,1.7200000000000013,7.526321647736436,5.456407232019762,1.328583075116095,0.40343946313041185,0.24691497413692653,-0.5673520602259637,0.6740780629076727,9.905586603116694,8.607569910412243,-2.246884473020076,-1.0302831676601167,-1.133567409651742,-0.33173472550408367,-6.693515481657641,-41.01489795227842,0.6710728822585388,0.0,0.0,0.0,0.0,0.0,0.0,0.0,0.0,0.0,0.0,0.0,0.0,0.0,0.0,0.0,2305.200600464329,2508.411438503976,2497.732236164263,2354.6964417381996,2332.5699711709403,2483.9569953003434,2483.6677629937863,2368.9880399746125,40.416165574506756,-0.3095122099314315,1.512724035570241,-0.2028306745719117
172,1.7300000000000013,7.625040415000567,5.5404294255904825,1.3061381216457966,0.4037059018394462,0.24832717706980792,-0.5712541897076902,0.6700923881749069,9.837916269607996,8.196745468281199,-2.2427817913583405,-0.7374859050280573,-0.2559555434913531,-0.31743905261170524,-6.8389694854893435,-41.09947706509409,0.2471348891321945,0.0,0.0,0.0,0.0,0.0,0.0,0.0,0.0,0.0,0.0,0.0,0.0,0.0,0.0,0.0,2319.7802161501795,2498.3300513548093,2483.618654791336,2375.363803033399,2344.978958230411,2475.8427718880657,2472.537740603477,2386.7214404402494,40.3620642282327,-0.19306353839951895,1.8208447116967021,-0.1901237288471898
173,1.7400000000000013,7.723074189944326,5.620347183426947,1.2837180542680096,0.4059572414747223,0.2474390416214064,-0.572678448032695,0.6678413239195204,9.76846679875427,7.787156159711528,-2.2414442151837695,-0.5381747585314701,0.5188203272638484,-0.3045036232910348,-7.05393707636226,-40.87544221924588,0.09842300142848259,0.0,0.0,0.0,0.0,0.0,0.0,0.0,0.0,0.0,0.0,0.0,0.0,0.0,0.0,0.0,2329.9269972477414,2482.6891616935645,2474.545352125986,2373.7508257181726,2350.3419492559547,2463.792773008207,2461.790195959467,2386.066748224603,41.07236690480569,-0.1213638228671707,2.043983122346094,-0.18762701477701207
174,1.7500000000000013,7.8204005763160405,5.696179440925788,1.2613098719912466,0.409853166734368,0.24464069585592385,-0.5721442279730343,0.6669499936622536,9.696282809108393,7.379657045413242,-2.2399491579955475,-0.37468268924663123,1.0856885999017256,-0.2922128568699754,-7.365736008544843,-40.654646508467174,0.2298937708840043,0.0,0.0,0.0,0.0,0.0,0.0,0.0,0.0,0.0,0.0,0.0,0.0,0.0,0.0,0.0,2348.0650075415356,2462.3274054944127,2459.7929000845747,2385.524884063937,2361.9341075120383,2449.4308331910906,2451.9992080297966,2392.929046288002,42.02176053512999,-0.05365349016764255,2.120189137139138,-0.18599532060478624
175,1.7600000000000013,7.916985274606767,5.767928788018555,1.2389319615094525,0.4149210216523712,0.24045654756955265,-0.570135540453507,0.6670582133769671,9.619871836165832,6.969655579144004,-2.234826505143404,-0.2548178835952773,1.503941206710272,-0.28072253468871355,-7.844265148374774,-41.06725294321922,0.7213090141573453,0.0,0.0,0.0,0.0,0.0,0.0,0.0,0.0,0.0,0.0,0.0,0.0,0.0,0.0,0.0,2384.8384845129854,2467.910779859781,2469.05779954759,2415.0915561802476,2395.9673630132766,2459.673889877884,2464.358044154993,2421.461178447951,42.82382306839875,-0.016573761695057483,2.080916039125689,-0.20294416636396412
176,1.7700000000000014,8.012779580754358,5.83555115062263,1.2166349024727652,0.4207679763496946,0.23531501759289464,-0.5670441204938054,0.6678638468933961,9.538062804749536,6.553988049129404,-2.223439084672729,-0.1587714563517389,1.771770468466198,-0.2702730842579668,-8.415030418239766,-41.67750214191113,1.428090760030809,0.0,0.0,0.0,0.0,0.0,0.0,0.0,0.0,0.0,0.0,0.0,0.0,0.0,0.0,0.0,2427.5530388030998,2482.4661092255733,2485.3623069694568,2452.5927851130614,2435.2294558239905,2478.194466796539,2483.9322725738834,2456.407456842268,43.55851488330252,-0.026406915574996984,1.9701827073984468,-0.22900678973663519
177,1.7800000000000014,8.107727049656962,5.898990750964041,1.1944885822283267,0.4270154235691275,0.22963822774620546,-0.5632319756074498,0.6690992856407708,9.450488054724067,6.133359166772541,-2.2045536884096664,-0.09088381494057243,1.9052979737250344,-0.26219253272620646,-8.99602338689931,-42.12086110458291,2.2109455252992127,0.0,0.0,0.0,0.0,0.0,0.0,0.0,0.0,0.0,0.0,0.0,0.0,0.0,0.0,0.0,2465.933083337802,2495.580687919993,2497.7435084867884,2483.474212020161,2469.98704265108,2494.4391370457606,2498.3275008746627,2484.811842838709,44.259663658949194,-0.05256156000724373,1.802283332781124,-0.24572769885382542
178,1.7900000000000014,8.201769711686056,5.958204651276817,1.1725711639355147,0.43336473961729205,0.22376681530138995,-0.5590487961925036,0.6705131305962793,9.357102536678006,5.709001852163669,-2.1775951467260666,-0.06024105527000346,1.9322867885444752,-0.25754901659216856,-9.576566591668723,-42.46174531449398,3.033470944847405,0.0,0.0,0.0,0.0,0.0,0.0,0.0,0.0,0.0,0.0,0.0,0.0,0.0,0.0,0.0,2500.5112476229697,2508.76384950302,2510.1560987564403,2508.8440632000525,2501.583160580557,2510.2613165478438,2511.8974958706053,2508.8761193671053,44.839623835479564,-0.0881796129384661,1.5895223610739102,-0.2591444483391645
179,1.8000000000000014,8.294849557917715,6.013159455583843,1.1509647669941165,0.43959403727022295,0.21796152412237751,-0.5548001197847349,0.6718978222062936,9.257937320552594,5.281623055821314,-2.1423419763921223,-0.0561060174872643,1.874148892104537,-0.25560774869469954,-10.150395972276627,-42.74691898774563,3.8625845399065106,0.0,0.0,0.0,0.0,0.0,0.0,0.0,0.0,0.0,0.0,0.0,0.0,0.0,0.0,0.0,2530.579671277228,2522.137062990066,2523.663169651367,2532.5497988146817,2529.4589120284113,2525.5338608466946,2526.556218442673,2531.500908934112,45.21276595726257,-0.23614267888689863,1.5068672203093187,-0.28248273094294096
180,1.8100000000000014,8.386909813799795,6.063829644866671,1.1297512755618022,0.44552759516384316,0.21243630026818447,-0.5507295162190194,0.6731069604758618,9.153239121460365,4.852249941333742,-2.0990994199464486,-0.070632001585345,1.7484940402498022,-0.2555309951547731,-10.69028834432828,-42.91497111252873,4.639595607457636,0.0,0.0,0.0,0.0,0.0,0.0,0.0,0.0,0.0,0.0,0.0,0.0,0.0,0.0,0.0,2554.701723489812,2533.5429883395955,2535.082878672794,2552.2834511122055,2551.8466930884283,2538.2392313677256,2538.805446721916,2550.174962127537,45.21276595744609,-0.1375128392436594,1.7734464224600257,-0.2716155396311661
181,1.8200000000000014,8.4778974881866,6.110203160172163,1.1090065927275652,0.45115674320760935,0.20718491141388332,-0.54703912214437,0.6740031189721912,9.043490168376735,4.422560392062405,-2.04874614255319,-0.15050795566116978,1.6437106533096597,-0.25777139215777634,-11.18314841827761,-42.89656424998167,5.311893036911819,0.0,0.0,0.0,0.0,0.0,0.0,0.0,0.0,0.0,0.0,0.0,0.0,0.0,0.0,0.0,2569.14612931211,2544.0684844390403,2548.813121677073,2557.040766010238,2565.817544688726,2548.6217274963924,2549.487761246613,2557.3983806486003,45.212765950423545,-0.06881661846295382,1.906172216724345,-0.2629426912965787
182,1.8300000000000014,8.567765133150367,6.152290572631535,1.0887949982848038,0.45673142269123534,0.20192987048139915,-0.5434728133463073,0.6747281201248806,8.929338098404438,3.995534266191981,-1.9926759916275707,-0.13901032595355756,1.7045669970134385,-0.25974834739513253,-11.604289851188554,-42.53368021739545,5.85018099031287,0.0,0.0,0.0,0.0,0.0,0.0,0.0,0.0,0.0,0.0,0.0,0.0,0.0,0.0,0.0,2552.8975709110605,2559.6673635898283,2558.767646573576,2549.8726358691415,2556.311111054158,2556.1925023212493,2556.6279160572158,2552.2291821288645,45.03214744004657,-0.31278532104949064,1.691764292183614,-0.22441944063308825
183,1.8400000000000014,8.656470243574391,6.1901268861878425,1.069171313380925,0.46246516689811823,0.19645343942303858,-0.5396061700984296,0.6755421502293243,8.81098340760272,3.572408567225551,-1.9311242070351564,-0.1037013456970559,1.792463277983781,-0.2605213248731784,-12.024600626876492,-42.12702060190354,6.410424431813944,0.0,0.0,0.0,0.0,0.0,0.0,0.0,0.0,0.0,0.0,0.0,0.0,0.0,0.0,0.0,2547.149002898071,2563.960904250315,2560.4849772271014,2549.71084584437,2550.3282380211936,2560.716461419217,2559.253112333813,2551.0482728119296,44.939201861485515,-0.4504227225245665,1.5092503798148789,-0.2049574543125004
184,1.8500000000000014,8.743971889028549,6.2237573179191275,1.0501898092605173,0.46825662880337043,0.19079817297414498,-0.5357622526974881,0.6762326488390985,8.68868395433882,3.154609946993573,-1.8643376827163605,-0.20762790062016068,1.7449073404715556,-0.25792782656260826,-12.415090407550622,-41.54742586919324,6.908889826813036,0.0,0.0,0.0,0.0,0.0,0.0,0.0,0.0,0.0,0.0,0.0,0.0,0.0,0.0,0.0,2555.8170359809615,2540.0818820358313,2554.7982385128153,2551.131624661834,2550.607243792493,2544.708377574721,2554.2325719179435,2551.368791007369,44.87170205191425,-0.5685786991544486,1.2934599218347065,-0.1921435801932707
185,1.8600000000000014,8.830230143877221,6.2532367464368335,1.0319007538747096,0.47389360737716985,0.18512493903230293,-0.5324327236387965,0.6765123802517674,8.562251384919836,2.7421012698680345,-1.7926983097817768,-0.3215000377676761,1.6414839859282622,-0.2529179952953309,-12.840340879243684,-41.039373146682486,7.372906958776682,0.0,0.0,0.0,0.0,0.0,0.0,0.0,0.0,0.0,0.0,0.0,0.0,0.0,0.0,0.0,2558.7123870254363,2529.208667223287,2550.149867716857,2552.7504968889552,2553.3522847115114,2534.4337061881383,2550.354790553086,2552.2067264639536,44.771443734518826,-0.623263177732253,1.0547331157383655,-0.19792041259284815
186,1.8700000000000014,8.91520238028731,6.278615489971183,1.014350168983217,0.47923979824775703,0.17958758467595382,-0.5297716186734264,0.6763279879273397,8.431454224427213,2.3344088904517073,-1.7167596975792268,-0.4375194609919207,1.4885084323086626,-0.24682758027917154,-13.28247056853371,-40.57263369799235,7.769458853664313,0.0,0.0,0.0,0.0,0.0,0.0,0.0,0.0,0.0,0.0,0.0,0.0,0.0,0.0,0.0,2560.0785414395614,2522.7382949946013,2545.1097733296965,2555.0102120188158,2554.18787891021,2528.699379120444,2546.424481929719,2553.3434551851337,44.52443087925603,-0.7095848287667601,0.7841484428101977,-0.18745240228986818
187,1.8800000000000014,8.998844750357419,6.299940915417055,0.9975768167767431,0.48417000326006665,0.1743662030428578,-0.5278381231498367,0.6756942732695178,8.29629778774632,1.9314296290297925,-1.6374139356170527,-0.5234784009914633,1.2981954554951485,-0.2414349250686907,-13.712927124860386,-40.10732108235637,8.067669473301509,0.0,0.0,0.0,0.0,0.0,0.0,0.0,0.0,0.0,0.0,0.0,0.0,0.0,0.0,0.0,2559.553116318966,2519.2497552727514,2537.054479937364,2555.82560423635,2553.7485827103683,2525.143256978396,2539.727930268235,2552.630016951628,44.22143802694055,-0.8123680516485756,0.465260501094511,-0.1705340119344954
188,1.8900000000000015,9.081115481974322,6.317262718701446,0.9816085030964313,0.488582941474612,0.16961704029406804,-0.5266811341642501,0.6746286029048544,8.157213573401721,1.5337999899118742,-1.555989559574111,-0.6112572186218819,1.0727066182723795,-0.2360084091725516,-14.086784642950434,-39.55699163911564,8.217397579007635,0.0,0.0,0.0,0.0,0.0,0.0,0.0,0.0,0.0,0.0,0.0,0.0,0.0,0.0,0.0,2554.9011090164117,2509.5136069077535,2527.5485021154855,2552.353486650967,2547.977584609205,2516.0482840329814,2530.63975485223,2548.4494350253713,44.024576089043386,-0.886857852498044,0.1541604290229644,-0.1718985942128536
189,1.9000000000000015,9.161977669916192,6.330636402916471,0.9664592205670572,0.4923846922743137,0.16545422612567842,-0.526419066956018,0.6731011661082141,8.014655140581468,1.141797971470735,-1.473820699543886,-0.7064938840607465,0.8061554146625541,-0.22951626297330885,-14.418509831426007,-39.003300438560814,8.236482579552451,0.0,0.0,0.0,0.0,0.0,0.0,0.0,0.0,0.0,0.0,0.0,0.0,0.0,0.0,0.0,2549.097705811669,2496.480255996703,2516.9164832255365,2547.4739385386215,2540.9279252887804,2504.1337880871833,2520.6315612259846,2542.7937344536535,43.87188066006807,-0.9172566645404132,-0.15358632325484,-0.17753422461051008
190,1.9100000000000015,9.241397425003846,6.340114200108553,0.9521314814916482,0.4954949833381891,0.16197995169751997,-0.5271308708987731,0.6711037637208258,7.8687338549623185,0.7544017928008722,-1.3918155592914245,-0.7912624584528938,0.5207178870506004,-0.22322043944209224,-14.749347891874542,-38.59193479823186,8.179085733483138,0.0,0.0,0.0,0.0,0.0,0.0,0.0,0.0,0.0,0.0,0.0,0.0,0.0,0.0,0.0,2545.0444781038063,2490.017101498914,2508.498032285155,2543.2697775335014,2537.136354553985,2497.8118666272285,2512.798276981899,2538.184072254253,43.80626941289023,-0.9079575182509292,-0.39405710021865165,-0.18733915782688773
191,1.9200000000000015,9.31934166563732,6.345736231324616,0.9386192894941354,0.49786524140841976,0.15928576517884374,-0.5287948484040893,0.6686809812683641,7.7195925488750845,0.37048387142130224,-1.310871460829841,-0.8498357851462855,0.2256012023779234,-0.21800494048335006,-15.058259674820107,-38.28266297527805,8.02781790261009,0.0,0.0,0.0,0.0,0.0,0.0,0.0,0.0,0.0,0.0,0.0,0.0,0.0,0.0,0.0,2540.8630414029285,2487.0162798433635,2500.975553911918,2540.185116624616,2533.5172220688037,2494.3542075848054,2506.084891901996,2534.4572756082734,43.80842257458903,-0.86939732380674,-0.5811348625270805,-0.19763174496490252
192,1.9300000000000015,9.39577909395774,6.347531212941664,0.9259079059732334,0.4994943070967724,0.15741953212148596,-0.5312967821402257,0.6659191072285051,7.567405918477999,-0.011214461316908106,-1.231774911319462,-0.876219239984955,-0.04478228550265508,-0.2142271524434735,-15.349996026226442,-38.10698133185026,7.807365681605338,0.0,0.0,0.0,0.0,0.0,0.0,0.0,0.0,0.0,0.0,0.0,0.0,0.0,0.0,0.0,2536.350597390671,2489.7475975535276,2497.8178804443164,2537.193793562095,2530.6096135630896,2495.638062430789,2502.893838110571,2531.772612763779,43.86085802343086,-0.8309877237366956,-0.7358660256878581,-0.20810133937119582
193,1.9400000000000015,9.470680324774499,6.345515194475818,0.9139755251695465,0.5004418601553535,0.15635524055075542,-0.5344539759951036,0.6629252830444697,7.412400570597368,-0.39189032379145083,-1.1551724488605282,-0.8720488891584577,-0.2786143750524212,-0.21191258644455313,-15.616197036314894,-38.04399398531083,7.52848980442633,0.0,0.0,0.0,0.0,0.0,0.0,0.0,0.0,0.0,0.0,0.0,0.0,0.0,0.0,0.0,2532.684528743669,2495.4490612424415,2497.8280632177684,2535.1072482729073,2528.4951764539574,2499.8800608113984,2502.69304180518,2530.143812146273,43.96985567679819,-0.7707708427835298,-0.8557527327627897,-0.2212157481986778
194,1.9500000000000015,9.544018631496112,6.339693362046873,0.9027944155266066,0.5007861628049092,0.15603029732532966,-0.5380992958287624,0.6597855055154627,7.2548768546831175,-0.7725163961053263,-1.08160529963691,-0.85237685312005,-0.47793142168906516,-0.21094568861882296,-15.851032912209462,-38.07068015925963,7.20061083247403,0.0,0.0,0.0,0.0,0.0,0.0,0.0,0.0,0.0,0.0,0.0,0.0,0.0,0.0,0.0,2531.2484273639398,2501.6390357290024,2500.041612944171,2533.945817650869,2528.023525991466,2505.1720421673804,2504.4887466499977,2529.590107408677,44.12412464257357,-0.732199193295124,-0.9337615960468727,-0.23037650096555673
195,1.9600000000000015,9.615770313456496,6.33006175437372,0.8923320735285634,0.5006061636663638,0.15637373461334028,-0.5420864989234052,0.6565690761125501,7.095127091096494,-1.153978426996588,-1.011477785817742,-0.8133433761753793,-0.642429354385378,-0.21140576346301165,-16.05738625800157,-38.18374038832584,6.839195446648905,0.0,0.0,0.0,0.0,0.0,0.0,0.0,0.0,0.0,0.0,0.0,0.0,0.0,0.0,0.0,2531.4852862871235,2509.5424987553524,2503.749315703049,2534.3382274139376,2529.4136319170634,2512.021271006063,2507.913714432942,2530.460752710944,44.315714703608776,-0.737974979922044,-0.9713620694434615,-0.23150262576271605
196,1.9700000000000015,9.685914596981938,6.316608093852995,0.8825525588786413,0.4999926533287285,0.15728825191678575,-0.5462934570713834,0.6533232057620916,6.9334466852894545,-1.5370333264628775,-0.9450843712736499,-0.7754511161637776,-0.7689589039408223,-0.21293616658554854,-16.235657953875382,-38.36627587846597,6.452534419789435,0.0,0.0,0.0,0.0,0.0,0.0,0.0,0.0,0.0,0.0,0.0,0.0,0.0,0.0,0.0,2533.355020861674,2517.6528354614397,2510.3313733872815,2535.239341889216,2532.0216068013765,2519.442322950821,2513.617749369351,2532.42369577471,44.507885278271665,-0.7283784303794191,-0.9836724603267675,-0.23193932704121076
197,1.9800000000000015,9.754433476572027,6.299313352629013,0.8734173500119983,0.4990575719533451,0.15861774384706215,-0.5506597606863912,0.6500429056406247,6.7700799862787475,-1.9222754645103524,-0.8826521023684529,-0.7590951898359344,-0.8565144586414315,-0.21468612834810566,-16.394580153138882,-38.6021361294997,6.045792738241129,0.0,0.0,0.0,0.0,0.0,0.0,0.0,0.0,0.0,0.0,0.0,0.0,0.0,0.0,0.0,2536.7422855045697,2525.0832039169795,2519.897684048827,2536.586887300759,2535.7128817956896,2526.6058558324094,2521.8577608799833,2535.252170477517,44.67951885219935,-0.7178261927478924,-0.9871694105743805,-0.23013508307756106
198,1.9900000000000015,9.8213111361997,6.278154059144541,0.8648855961895299,0.4979055832151188,0.16021289439397804,-0.5551327826312171,0.6467220827536649,6.605235240445788,-2.309965286511996,-0.824433515561962,-0.7450789431214028,-0.9112494038756137,-0.21631088203463086,-16.53385528258955,-38.851920089947974,5.614365102566632,0.0,0.0,0.0,0.0,0.0,0.0,0.0,0.0,0.0,0.0,0.0,0.0,0.0,0.0,0.0,2539.8508612795113,2532.750282482401,2528.402458694637,2539.2387529609077,2539.4847878631845,2533.6081527513143,2529.74693282283,2538.521176020397,44.84207666928814,-0.7100911137057612,-0.9683852696839768,-0.22743641249265875
199,2.0000000000000013,9.886533873820365,6.2531057393607625,0.8569138923887554,0.4966113775484568,0.16197730145467962,-0.5596496159786907,0.643376095948387,6.439129109389834,-2.7000636648419225,-0.7706785802583566,-0.7327577786715055,-0.9437389833903926,-0.2176234079759805,-16.65200174310577,-39.08987763627536,5.159623930531265,0.0,0.0,0.0,0.0,0.0,0.0,0.0,0.0,0.0,0.0,0.0,0.0,0.0,0.0,0.0,2542.8360753230813,2539.1113050493186,2535.429097814391,2542.526690832009,2542.8140405711256,2539.56376709885,2536.386949570019,2542.1384361513856,44.995044792223695,-0.698074528534012,-0.9277485761385108,-0.22435908009302216
200,2.010000000000001,9.95008994775556,6.224144758167016,0.8494566696460757,0.4952354971955417,0.16383331121094893,-0.5641607073471475,0.6400180815732529,6.271922893253236,-3.092484643873419,-0.7215568500896856,-0.7226766706673026,-0.953670538766228,-0.21851911184131992,-16.757210457200244,-39.319299774310586,4.692089662989063,0.0,0.0,0.0,0.0,0.0,0.0,0.0,0.0,0.0,0.0,0.0,0.0,0.0,0.0,0.0,2545.5620030714763,2545.081553742846,2542.1981587167884,2545.591730139671,2545.958324031704,2545.0975828503842,2542.6220658839507,2545.696347523032,45.12968816433726,-0.697238799152017,-0.8736747904007165,-0.2211283975751185
201,2.020000000000001,10.011968907333339,6.191248409222161,0.8424671050451138,0.49383933410191594,0.16570655113423913,-0.5686127249736043,0.6366660191992851,6.103718907592091,-3.487116309772274,-0.6771533710142575,-0.7115361762690479,-0.9414509356404906,-0.2189881821671142,-16.854199590251362,-39.53542111195718,4.219634811146733,0.0,0.0,0.0,0.0,0.0,0.0,0.0,0.0,0.0,0.0,0.0,0.0,0.0,0.0,0.0,2547.8837233744425,2550.8982496823746,2548.5235340686036,2548.532195781024,2548.774954203624,2550.4073719379453,2548.4969919271066,2549.0434316367982,45.20347719887712,-0.753219915262037,-0.8620456848231497,-0.21345170519048606
202,2.0300000000000007,10.072161185442503,6.154395547722676,0.8358978537870415,0.4924812966996071,0.16752624364897384,-0.572963253668465,0.6333326456417548,5.934595244896862,-3.883748497650257,-0.6374923956298176,-0.7055355428074502,-0.9109814019862921,-0.21905827741389197,-16.944941804375446,-39.72669407771079,3.7470566862880528,0.0,0.0,0.0,0.0,0.0,0.0,0.0,0.0,0.0,0.0,0.0,0.0,0.0,0.0,0.0,2550.265724099722,2555.665402238043,2554.2868756518155,2550.965426981372,2551.361265620635,2554.935005987326,2553.75649502077,2551.913767159668,45.21276595744668,-0.7536544700066427,-0.9043528987810203,-0.21314517327113577
203,2.0400000000000005,10.13065818882536,6.113568524061801,0.8297012131740764,0.49118995523423065,0.16923124656297917,-0.5772586882602248,0.6299727136089462,5.764680635354142,-4.281853584612415,-0.6026492668869201,-0.7299476952176304,-0.889383346856895,-0.2184215522202618,-17.022665348194188,-39.85469111022599,3.261910201978524,0.0,0.0,0.0,0.0,0.0,0.0,0.0,0.0,0.0,0.0,0.0,0.0,0.0,0.0,0.0,2553.9577044258594,2555.239655569458,2557.9182321258777,2552.752063306746,2553.8061948821332,2555.5841640279414,2557.0271718212634,2553.894320938729,45.21276595743547,-0.741693349480543,-0.936913297421421,-0.21439719105888672
204,2.0500000000000003,10.187452619065887,6.068755914163726,0.8238281848277472,0.48991624179999077,0.1708601319930911,-0.5815721184112341,0.6265482921551585,5.594102310203759,-4.680768328261149,-0.5728013812532331,-0.7410633578111888,-0.8960620479535869,-0.21756214077647823,-17.085161404565063,-39.916799213450815,2.7557851287232094,0.0,0.0,0.0,0.0,0.0,0.0,0.0,0.0,0.0,0.0,0.0,0.0,0.0,0.0,0.0,2556.130246611562,2553.800952641353,2555.7951647026225,2555.563291418834,2555.5577427637663,2554.4417401179444,2556.0206216292645,2555.342894064357,45.21276595743004,-0.7317460825777272,-0.9469097424973094,-0.21530436173217224
205,2.06,10.242538273557212,6.019951471509796,0.8182281020825891,0.4885909496755991,0.17250611321787268,-0.5859152846493578,0.6230760820412068,5.42293496305238,-5.080198062168345,-0.5480762130810095,-0.74149587697725,-0.9135117108131249,-0.21686395507443115,-17.141631521497835,-39.96379206060574,2.2395633041688567,0.0,0.0,0.0,0.0,0.0,0.0,0.0,0.0,0.0,0.0,0.0,0.0,0.0,0.0,0.0,2556.589006418482,2553.6685063364657,2554.0684515084704,2557.0314577628437,2556.1927025044743,2554.105221087501,2554.6173956571524,2556.447154504024,45.19746662510331,-0.6973435163251592,-0.9143859210512074,-0.21300703414092914
206,2.07,10.295909542623322,5.967150453086914,0.8128493257668523,0.48719711453150594,0.17419967520206728,-0.5902711173724701,0.6195752196041452,5.251235063542726,-5.480077879103248,-0.5285502587547394,-0.7373141989646393,-0.9274772082452302,-0.2163500147894569,-17.192225815524154,-40.00729798763203,1.7170981970509036,0.0,0.0,0.0,0.0,0.0,0.0,0.0,0.0,0.0,0.0,0.0,0.0,0.0,0.0,0.0,2556.1464632301504,2554.3407294841227,2553.856926159674,2557.0175054871806,2556.020271830249,2554.495746399017,2554.232693249964,2556.613757500623,45.16578693795108,-0.6430921437451664,-0.8417372799482844,-0.2072784539551148
207,2.0799999999999996,10.34756155645747,5.910348912743378,0.8076395382438422,0.4857624606657404,0.1759262709744782,-0.5945787367229326,0.6160851441367021,5.079102844052461,-5.880275713172053,-0.5142815106289992,-0.7183405701005833,-0.9207735599171833,-0.21575317275914935,-17.2309304035414,-40.0333156910504,1.1917532234118067,0.0,0.0,0.0,0.0,0.0,0.0,0.0,0.0,0.0,0.0,0.0,0.0,0.0,0.0,0.0,2553.33671782537,2556.0847435008072,2554.3730203386735,2555.920646663079,2554.103115265707,2555.287917226286,2554.453629816513,2555.7887213163212,45.076107279477675,-0.5674974961058438,-0.7001313627478642,-0.19432644207814553
208,2.0899999999999994,10.39749062281137,5.849544652833421,0.802546257143968,0.48434766980561816,0.17764585289402132,-0.5987291096659481,0.6126767001788502,4.906666054800736,-6.280587607706594,-0.5052296821067246,-0.6825553049625314,-0.8851130506512597,-0.21472395512278727,-17.25658909675687,-40.03708448059928,0.6766812117227072,0.0,0.0,0.0,0.0,0.0,0.0,0.0,0.0,0.0,0.0,0.0,0.0,0.0,0.0,0.0,2548.9415923126435,2558.0115550704263,2555.1586333877117,2554.1040879262346,2550.727455872714,2556.1493284936764,2554.8669332718064,2554.304660078175,44.93621476013435,-0.4850865087606057,-0.5194268547699727,-0.18198931317541645
209,2.099999999999999,10.445694752310063,5.784738760489818,0.7975179073380488,0.48304997247558384,0.17928431735446929,-0.6025779916834682,0.6094420576074462,4.734154110903866,-6.68050822010809,-0.5012560798878513,-0.6277594350389434,-0.8026767849050934,-0.21264917687860183,-17.256389725858412,-39.97844716597232,0.18234700849517615,0.0,0.0,0.0,0.0,0.0,0.0,0.0,0.0,0.0,0.0,0.0,0.0,0.0,0.0,0.0,2541.0300240221513,2559.3137913116934,2556.0396263962507,2549.967663536929,2544.2691370962457,2555.8530289344526,2554.8942770313565,2550.871444145424,44.81517304618876,-0.39154620702909787,-0.37486814155923065,-0.16964332896932724
210,2.109999999999999,10.492174365628506,5.715938245550291,0.7925052333571988,0.48199141846416776,0.18074013329085206,-0.6059725684611469,0.6064771413808646,4.561791714790817,-7.079416581329127,-0.5020167612707895,-0.56004336618624,-0.6774343129348224,-0.209459680080809,-17.23620461545572,-39.85677592678183,-0.26771034934947036,0.0,0.0,0.0,0.0,0.0,0.0,0.0,0.0,0.0,0.0,0.0,0.0,0.0,0.0,0.0,2532.226404203955,2558.8339910293525,2555.479300836124,2544.196861452446,2536.527343525333,2554.2410689022568,2553.574050372256,2545.6720869957358,44.669647058346385,-0.29748178802828884,-0.19392063319364108,-0.1580375146666691
211,2.1199999999999988,10.536931193740738,5.643154709868276,0.787463832777186,0.4812394003189452,0.18196511634373305,-0.6088190843383704,0.6038515202929128,4.389589012829711,-7.4771013026110715,-0.5068827801252638,-0.4799897806954315,-0.5446160750620761,-0.20529584772312778,-17.221534088898593,-39.729845475759085,-0.6464723816671514,0.0,0.0,0.0,0.0,0.0,0.0,0.0,0.0,0.0,0.0,0.0,0.0,0.0,0.0,0.0,2526.641880070704,2556.1851011543263,2552.7695477808097,2541.30226960895,2531.036322283623,2551.588431706798,2551.254082606493,2542.387570418309,44.51591048136238,-0.2170557587666476,0.01877666754017937,-0.1500127144166639
212,2.1299999999999986,10.579966986942798,5.566401612441094,0.7823561117532765,0.4808285542234915,0.1829404271513417,-0.6110627833796146,0.6016136437327446,4.217596941536298,-7.873268397675401,-0.5151612399194612,-0.39342113118304206,-0.39015647042101465,-0.20031619200012835,-17.198395684916434,-39.564181637986806,-0.9543906188717033,0.0,0.0,0.0,0.0,0.0,0.0,0.0,0.0,0.0,0.0,0.0,0.0,0.0,0.0,0.0,2519.9894351981793,2553.532409892772,2550.3808292923927,2536.5506926662665,2525.0324939513084,2548.2808865412458,2548.3496277574027,2538.0505711661035,44.236774379950674,-0.19122262944185653,0.27379615532632917,-0.12851376930463723
213,2.1399999999999983,10.621284069352164,5.485695748374929,0.7771517384500513,0.4808316054136697,0.18359905947919242,-0.6126474549253956,0.5997961725178849,4.045843806269701,-8.267608918335824,-0.5260752165174941,-0.3100373612673559,-0.21022025313543424,-0.19490782083725894,-17.17619965482431,-39.36998716457829,-1.1800633762331092,0.0,0.0,0.0,0.0,0.0,0.0,0.0,0.0,0.0,0.0,0.0,0.0,0.0,0.0,0.0,2513.4719864126155,2550.8364394773826,2548.3676854768405,2530.2836973667413,2519.013943968617,2545.1203970051056,2545.586112450466,2532.4732815311154,43.880757225567805,-0.20436039776929957,0.5301982583652202,-0.09213909111355974
214,2.149999999999998,10.660885792018028,5.401059780269296,0.7718280331167395,0.48135417814944215,0.1838142234136188,-0.6135545611242834,0.5983822248132973,3.8745615018004953,-8.659088884063816,-0.5389081586954354,-0.2548252192308829,0.0027459310236833366,-0.18820659653186778,-17.12583495083786,-39.04281471126225,-1.3368336260948244,0.0,0.0,0.0,0.0,0.0,0.0,0.0,0.0,0.0,0.0,0.0,0.0,0.0,0.0,0.0,2503.3199022274216,2543.1149938667536,2545.676460215126,2519.6259064501564,2508.772203512948,2537.108242429599,2541.2931183029636,2523.136336099766,43.609931816169926,-0.20673443983262638,0.7586025604998538,-0.061156142709079
215,2.159999999999998,10.69877754463301,5.31252804003709,0.7663695255349219,0.4825003057489098,0.18342977512961486,-0.6138153405505892,0.5973087143620724,3.703838564351259,-9.046607938629798,-0.552903358284278,-0.23197935385027993,0.23433192473016973,-0.17876044825332096,-17.077513511141174,-38.6132687987768,-1.41584984344445,0.0,0.0,0.0,0.0,0.0,0.0,0.0,0.0,0.0,0.0,0.0,0.0,0.0,0.0,0.0,2491.3460003755404,2530.7020847001763,2541.1256299404163,2508.2022925822516,2496.2896125807974,2524.9691733651753,2535.6772878938295,2512.5654326970857,43.34347804926542,-0.22096776107307736,0.981087378357385,-0.031122924987263788
216,2.1699999999999977,10.734962909797607,5.220141210298048,0.7607692213269239,0.4843068380372342,0.18236126398458719,-0.6134751677132114,0.5965228198716014,3.533174493689917,-9.430153798601056,-0.5671010296949147,-0.22005639140842986,0.4641050962903198,-0.16675165443189596,-17.09786516676237,-38.21993684309,-1.3931519681066318,0.0,0.0,0.0,0.0,0.0,0.0,0.0,0.0,0.0,0.0,0.0,0.0,0.0,0.0,0.0,2482.73193899608,2520.3910231492573,2535.6393378961275,2501.0357815079765,2487.533010177923,2515.156798596804,2530.365522894415,2505.3019552925234,43.07381501251025,-0.2524156249834822,1.1940570342850365,0.001822796897458942
217,2.1799999999999975,10.769439725181252,5.123938990003706,0.7550297257408907,0.4867662850805238,0.1805828091456293,-0.6125738011631447,0.5959880626980002,3.3620528694575067,-9.809639915384764,-0.5806024432474688,-0.22061216944308448,0.6907962424924086,-0.15269628418458472,-17.16398114025086,-37.800490581361146,-1.2863764791889443,0.0,0.0,0.0,0.0,0.0,0.0,0.0,0.0,0.0,0.0,0.0,0.0,0.0,0.0,0.0,2474.632690011278,2510.467820611774,2529.750115621663,2494.1797560667487,2479.2061943370973,2505.5711707206433,2524.3192475777023,2498.530681515106,42.61491434763101,-0.3010413145636056,1.3756942266417884,0.015408624296746632
218,2.1899999999999973,10.802201213833053,5.023963602177763,0.7491620241472007,0.48986633422794795,0.17806918465100144,-0.6111577070889426,0.5956581210170699,3.190035697409812,-10.184725273674776,-0.5926166815170677,-0.23588757432529026,0.9114084809996152,-0.13664620987210604,-17.273803385055686,-37.343776260165384,-1.104009770726333,0.0,0.0,0.0,0.0,0.0,0.0,0.0,0.0,0.0,0.0,0.0,0.0,0.0,0.0,0.0,2466.7007729967827,2500.0481790895797,2523.753303542327,2487.3570692496533,2470.8596680544247,2495.6112419348956,2518.133186932834,2491.8253347497966,42.10695528453997,-0.3509949834351427,1.5454168438468108,0.022094234574341766
219,2.199999999999997,10.833238196347427,4.920265539675634,0.7431836222599107,0.4935750073739998,0.17481221462587987,-0.6092931880701377,0.5954714205439915,3.017178371163321,-10.553879891640614,-0.6026838153522333,-0.2669997402131832,1.114686851381961,-0.12022109765837417,-17.359327281096792,-36.690950728928584,-0.8898387935497576,0.0,0.0,0.0,0.0,0.0,0.0,0.0,0.0,0.0,0.0,0.0,0.0,0.0,0.0,0.0,2455.918031444385,2484.9304754346226,2510.2971428824435,2474.5338317059723,2459.094528267,2481.0767981780787,2504.4782274441595,2478.5093638958415,41.685002520289295,-0.3889435400995659,1.6990181402623254,0.03356014172276699
220,2.209999999999997,10.862542202546862,4.812910696151321,0.737115961764277,0.49784676476705125,0.17082952550538988,-0.6070456961607136,0.5953666053780127,2.843402202821287,-10.915953176671952,-0.610396087758212,-0.30673986038571094,1.3034083219018753,-0.10464852769612085,-17.464442375266565,-35.954048716156706,-0.6336450640076485,0.0,0.0,0.0,0.0,0.0,0.0,0.0,0.0,0.0,0.0,0.0,0.0,0.0,0.0,0.0,2443.512662852628,2469.13320548452,2494.420494914191,2459.6749171076817,2446.1994310021973,2465.610997012112,2488.643881358945,2463.409463351452,41.27839775656981,-0.426176218854339,1.8305766932549086,0.04658922432729873
221,2.2199999999999966,10.890101578851109,4.701970549586158,0.7309852949456116,0.5026327544049966,0.16615721655108517,-0.604450808328902,0.5953077472180075,2.668143205453276,-11.27098824578761,-0.6151866907932743,-0.345257743137512,1.4766872126696247,-0.08973828830234062,-17.638448076898072,-35.25413654047149,-0.31676328498753126,0.0,0.0,0.0,0.0,0.0,0.0,0.0,0.0,0.0,0.0,0.0,0.0,0.0,0.0,0.0,2432.4593384389473,2455.704893180564,2480.55714194314,2448.050491103812,2434.997298928793,2452.497429530666,2475.3199126734576,2451.5180556250602,40.84499243711831,-0.4647169024409823,1.9367220413515285,0.061267546844513396
222,2.2299999999999964,10.915898826121708,4.587515139065207,0.7248234097789981,0.5078728489401276,0.16084674190286014,-0.6015355524593752,0.5952717648738827,2.490911466596056,-11.618975825888437,-0.6165707666645085,-0.38327314176141014,1.6315989383233664,-0.07515346663413719,-17.85244360824656,-34.53898670129618,0.0420608844005077,0.0,0.0,0.0,0.0,0.0,0.0,0.0,0.0,0.0,0.0,0.0,0.0,0.0,0.0,0.0,2421.899588934743,2442.4167065336687,2467.0257406308406,2437.383783209628,2424.0509374095514,2439.6128288016466,2462.2517489651673,2440.449777643031,40.341860336022414,-0.5433021646291881,2.016721462923519,0.07565051789143376
223,2.239999999999996,10.939912861754879,4.46961678495505,0.7186660285262901,0.5134974785225069,0.15495601983822274,-0.5983378742786185,0.5952316857078997,2.311472395930785,-11.959494741325981,-0.6142453492605798,-0.4216268190191517,1.765067474987403,-0.06067219769414407,-18.082267164823307,-33.77233907796473,0.42461538528237863,0.0,0.0,0.0,0.0,0.0,0.0,0.0,0.0,0.0,0.0,0.0,0.0,0.0,0.0,0.0,2410.7146889733435,2427.872947897537,2452.6401936925145,2426.285594884178,2412.306519057428,2425.525605193518,2448.2967916685056,2428.84400390764,39.86228117836414,-0.6064764866719634,2.095896639573579,0.08570234915546557
224,2.249999999999996,10.962121485477319,4.348353783179528,0.712550909981456,0.5194373991304014,0.1485232135637363,-0.5949351028908555,0.5951284456027893,2.129834181320355,-12.291773097653849,-0.6081139907317193,-0.4799402793147042,1.8750569808158397,-0.04625771987120334,-18.304988996746374,-32.91942411753368,0.8080270665304923,0.0,0.0,0.0,0.0,0.0,0.0,0.0,0.0,0.0,0.0,0.0,0.0,0.0,0.0,0.0,2398.6198084961243,2410.070548142998,2436.9621547828183,2412.2881755818903,2399.057868458368,2408.6554610124135,2432.526137011608,2414.725418200714,39.488909591153025,-0.6608012402206396,2.1941093564814063,0.09983725945655256
225,2.259999999999996,10.982502027671485,4.223810646964045,0.7065164802691591,0.5256360174387402,0.141574433885569,-0.5913961874783867,0.5949067206521961,1.9458108131799496,-12.615501605283777,-0.5980904752891195,-0.5397769684150305,1.9717892098603258,-0.03224991574697826,-18.55515688820253,-32.0564824687839,1.201699205465312,0.0,0.0,0.0,0.0,0.0,0.0,0.0,0.0,0.0,0.0,0.0,0.0,0.0,0.0,0.0,2385.8473864297457,2394.5320585292675,2421.5044265696756,2398.4163296617817,2386.162907485348,2393.3042611619853,2417.2930946342053,2400.6557936576833,39.13432009476737,-0.7146498564919831,2.273041443654689,0.1132535320904391
226,2.2699999999999956,11.001028216428002,4.096071317674821,0.700602738197973,0.5320657609272177,0.13412801824508266,-0.5877253357765202,0.5945541442601878,1.7588663794540924,-12.93109221241218,-0.5839303652129414,-0.5969417081681746,2.069422474876314,-0.018440323727599718,-18.868398868319147,-31.253022114430706,1.6253373663822623,0.0,0.0,0.0,0.0,0.0,0.0,0.0,0.0,0.0,0.0,0.0,0.0,0.0,0.0,0.0,2374.186105667973,2383.2515042958216,2410.077955601759,2387.119198905786,2374.9276353502423,2381.869882358242,2405.96196751601,2389.602595249219,38.76846616942388,-0.7625158934985984,2.3208314675119586,0.1281198111060535
227,2.2799999999999954,11.017668707376997,3.965216171993726,0.6948520046667251,0.5387051356559409,0.12619776581506903,-0.5839148955549354,0.5940659016222598,1.5686292579557817,-13.238644223742506,-0.5654731769077928,-0.6527081771122856,2.158492218441621,-0.004732981578916778,-19.208074465278056,-30.44073579391693,2.0588543617139354,0.0,0.0,0.0,0.0,0.0,0.0,0.0,0.0,0.0,0.0,0.0,0.0,0.0,0.0,0.0,2363.8741590566465,2371.9680177902615,2398.6228447393682,2377.0650959870936,2364.407898590979,2370.8591336194568,2394.8230023632464,2379.2898910453714,38.33356155931113,-0.8547154243843277,2.3523746903839062,0.14089297884808086
228,2.289999999999995,11.032389780380868,3.8313268314632194,0.6893074044672666,0.5455027564591232,0.11782914807555661,-0.5799835187019823,0.5934325173036565,1.3749709257312015,-13.537873821164794,-0.5427091884047419,-0.704715076873398,2.2292609123883325,0.008980741452694792,-19.554182572900867,-29.593650762260282,2.488566891786559,0.0,0.0,0.0,0.0,0.0,0.0,0.0,0.0,0.0,0.0,0.0,0.0,0.0,0.0,0.0,2353.857929901742,2359.471297424555,2385.9939274908643,2367.739493196474,2353.9331441238537,2358.7760703565223,2382.7687895836607,2369.352536828066,37.95560545997954,-0.9340180692233203,2.3978018675512005,0.14585323467418493
229,2.299999999999995,11.045157820075545,3.6944895324350093,0.6840111666098097,0.5524013280444778,0.10905097427400284,-0.5759970330843552,0.5926112348433905,1.1780562212477124,-13.828116777657074,-0.5158468988590947,-0.7768862983917781,2.282902786927386,0.022579064536925788,-19.87552277075455,-28.668927881671635,2.8882514742071264,0.0,0.0,0.0,0.0,0.0,0.0,0.0,0.0,0.0,0.0,0.0,0.0,0.0,0.0,0.0,2343.0763643157447,2343.862477395992,2372.355844602445,2354.9550967410814,2342.120172960471,2343.998984235998,2368.8506378945863,2356.6272115308975,37.71232697062545,-1.0401605103323803,2.5000020982162257,0.15742735671652247
230,2.3099999999999947,11.055939825233171,3.554795257199182,0.679003602324042,0.559368595803096,0.09986287673649177,-0.5720096994924654,0.591556492286007,0.9777123190476059,-14.10928899053662,-0.484979200007661,-0.851706201853963,2.333237845691135,0.035395025237524816,-20.22991817287434,-27.76140620357559,3.286160582280706,0.0,0.0,0.0,0.0,0.0,0.0,0.0,0.0,0.0,0.0,0.0,0.0,0.0,0.0,0.0,2332.6420544078287,2332.0838019711655,2360.0974443013097,2342.6185122692,2331.8408179834373,2332.244557154345,2356.5753038201346,2344.4333081164523,37.483023484263526,-1.1278172963352504,2.5823919772949266,0.16832654129722208
231,2.3199999999999945,11.064698566538812,3.4123321100305426,0.6743254746986611,0.5664292008539604,0.09020948443830594,-0.5680130854350686,0.5902383790570147,0.7732815391494051,-14.38199089464747,-0.4499214023606189,-0.9420477900120869,2.406809238229687,0.047733351340461395,-20.664316092776634,-26.927386155621846,3.71109960286764,0.0,0.0,0.0,0.0,0.0,0.0,0.0,0.0,0.0,0.0,0.0,0.0,0.0,0.0,0.0,2323.928645152671,2325.499932977667,2354.9744736824678,2332.1356992689757,2323.7533996660864,2325.372966437318,2350.518797789126,2335.3785452320617,37.204411556416176,-1.206484247348534,2.632250417451151,0.18310662536120248
232,2.3299999999999943,11.071390650097364,3.2671838056474924,0.6700191300093961,0.5736141249866149,0.08002982449287781,-0.5639766582395986,0.588636043551849,0.5643368770221451,-14.64628080390779,-0.41063134664075673,-1.0304578458033262,2.4835046496996624,0.059796720394956676,-21.12656228612897,-26.073026194090687,4.131529806623457,0.0,0.0,0.0,0.0,0.0,0.0,0.0,0.0,0.0,0.0,0.0,0.0,0.0,0.0,0.0,2316.4689665699184,2318.8395563096183,2348.264067562185,2324.423700712285,2316.3304040169523,2318.7263834415226,2344.053361955808,2327.4856089935947,36.73464333249679,-1.2263549091492782,2.727652496669285,0.1919952111752602
233,2.339999999999994,11.075970664158127,3.1194369754093016,0.6661259799854533,0.5808946598472863,0.06934548755578826,-0.5598930523356245,0.5867472773374012,0.350883309251686,-14.901585022811,-0.3673283776050955,-1.1142906395798287,2.548144795965487,0.07190308922759378,-21.576440614626936,-25.14842184296029,4.522484918496216,0.0,0.0,0.0,0.0,0.0,0.0,0.0,0.0,0.0,0.0,0.0,0.0,0.0,0.0,0.0,2308.301066429181,2309.33564802322,2338.7197020842136,2317.294106670431,2307.758668025516,2309.452266576792,2335.03329980031,2319.6986200574042,36.444540804296736,-1.2287829761247353,2.813022421410872,0.19535780543729897
234,2.349999999999994,11.078396625458533,2.9691878111174925,0.6626831293752253,0.5882507241921582,0.058208368043776014,-0.5556966731566877,0.5846144702448537,0.1336762851647241,-15.146498924320625,-0.3206913867608538,-1.1668034530324747,2.626989002361274,0.08374063090991578,-21.924046701919995,-24.058327233900556,4.832751595417184,0.0,0.0,0.0,0.0,0.0,0.0,0.0,0.0,0.0,0.0,0.0,0.0,0.0,0.0,0.0,2291.294006217126,2297.9160631320515,2323.5731534376255,2303.324123308924,2291.878459109174,2296.3532186723332,2319.7856855141404,2305.204969703882,36.41681660114627,-1.3261435513665074,2.918530508212459,0.20388284523302552
235,2.3599999999999937,11.07863064359475,2.8165411785521637,0.6597236558539177,0.5956864676013434,0.04667412619361562,-0.5512709585086925,0.5823053224603083,-0.0876319452545126,-15.381196546727322,-0.2705751403305121,-1.1961080511925717,2.7081589570075644,0.09474616765046717,-22.357166151454443,-23.053103090926896,5.195178366738051,0.0,0.0,0.0,0.0,0.0,0.0,0.0,0.0,0.0,0.0,0.0,0.0,0.0,0.0,0.0,2280.6044258758616,2291.089464691324,2312.3899109425165,2294.566104198423,2281.9107612005346,2289.328633938974,2309.352942927461,2296.1875419069997,36.1341610489522,-1.4654608120986694,3.046589267036346,0.2078012667281379
236,2.3699999999999934,11.076625576405974,2.661593269624286,0.6572862740979478,0.6032091661014445,0.034708454085252485,-0.5466043000070232,0.5797911385663324,-0.3143668711555284,-15.606944736020905,-0.2161325367269132,-1.2602112878015566,2.8002109378635938,0.10518666170968514,-22.9431867544434,-22.186096121808774,5.653563215745644,0.0,0.0,0.0,0.0,0.0,0.0,0.0,0.0,0.0,0.0,0.0,0.0,0.0,0.0,0.0,2280.189035849776,2289.3298318822885,2313.3515418936936,2290.6206954941395,2281.101268635973,2288.717144884047,2309.350828373336,2294.1150983881057,35.71690435491835,-1.6577761748423274,3.1828246149576995,0.21747738991428145
237,2.3799999999999932,11.072327777710559,2.5044365706341636,0.6554134951959847,0.6108467736671198,0.022168539482019807,-0.5417464348146342,0.5769623690704083,-0.5459842215950839,-15.82264457438121,-0.15780410857572127,-1.3599017820795787,2.9080535190811765,0.11488028701059017,-23.397085142653594,-21.116051932283497,6.01270627973055,0.0,0.0,0.0,0.0,0.0,0.0,0.0,0.0,0.0,0.0,0.0,0.0,0.0,0.0,0.0,2272.9780394148916,2280.380872007526,2307.9575737163614,2277.9345036220566,2273.0823416058097,2279.833520645635,2302.307167641756,2282.381225108373,35.810544331487336,-1.7889732377180536,3.283290547689858,0.22122295317540597
238,2.389999999999993,11.0656936082994,2.3451799463126313,0.654139893422437,0.6186213080645946,0.008892140324860607,-0.5367544505256376,0.5736926589122558,-0.7815312292101515,-16.026711584519493,-0.09641467570828562,-1.503951288108625,3.0281320492061887,0.1241361587516887,-23.77237374782204,-19.903658284640358,6.293880847242875,0.0,0.0,0.0,0.0,0.0,0.0,0.0,0.0,0.0,0.0,0.0,0.0,0.0,0.0,0.0,2261.5024681489367,2265.7588489482782,2298.8548473624246,2261.053668619186,2260.618968683188,2265.6829665589744,2291.7777528522597,2266.587278418268,35.80957153933466,-1.8716408055644296,3.3581387349488536,0.21483951446276886
239,2.399999999999993,11.056675958574097,2.18393570133143,0.6534995683390245,0.6265103598608875,-0.005177294879667425,-0.531653057112916,0.5699148984429172,-1.023166888577907,-16.220494501913233,-0.03089036148062813,-1.6397801160992898,3.1389954061916185,0.13271852858858688,-24.4746450218728,-18.924764872028987,6.752674006736955,0.0,0.0,0.0,0.0,0.0,0.0,0.0,0.0,0.0,0.0,0.0,0.0,0.0,0.0,0.0,2264.79284560923,2267.7214091587707,2299.991213479459,2263.5151403220084,2264.719286271115,2268.395872343068,2294.5628884281637,2268.894786187722,35.4065473579077,-1.9804367911963148,3.4499276153680465,0.22240981312928726
240,2.4099999999999926,11.045207641484437,2.0208050524231065,0.653536282997116,0.6344511016950939,-0.019944713027590502,-0.526412899267491,0.5656531335234722,-1.2716209977681836,-16.403812588736876,0.03891431916633131,-1.7499799868182313,3.23398145761394,0.13975228416661256,-25.149199938550915,-17.83529257567551,7.162778718660313,0.0,0.0,0.0,0.0,0.0,0.0,0.0,0.0,0.0,0.0,0.0,0.0,0.0,0.0,0.0,2265.8717870579208,2269.111194848838,2296.0964264997006,2265.319442820595,2265.986324851183,2269.3887012310424,2291.758604681224,2269.3472851593056,35.34376341439768,-2.1050823051501686,3.531814050039375,0.22513349320971368
241,2.4199999999999924,11.031228742241217,1.8559032197903824,0.6542860842473847,0.6423944126259568,-0.03533880764559191,-0.521007476689718,0.5609204903857169,-1.5248892692984632,-16.57431681210606,0.11142852553128085,-1.8608615228656962,3.327909318350569,0.14613195396490994,-25.5565338940289,-16.46923992129601,7.373937676109082,0.0,0.0,0.0,0.0,0.0,0.0,0.0,0.0,0.0,0.0,0.0,0.0,0.0,0.0,0.0,2253.460395578288,2256.9672899650964,2283.5823687271713,2253.5478784622633,2252.870593652383,2256.562863054606,2278.416756524765,2257.300368921126,35.65506480280538,-2.241567315852827,3.587784414858282,0.23648026280388684
242,2.429999999999992,11.014690933654887,1.6893608868563021,0.6557748304415579,0.6503031352735483,-0.0513579176586112,-0.5154385954318114,0.5556898873350548,-1.783705409510208,-16.732055713326538,0.18684938258046227,-1.978527321606696,3.4162400376799673,0.15200128109642194,-26.16722687940154,-15.209353581148832,7.687111829377952,0.0,0.0,0.0,0.0,0.0,0.0,0.0,0.0,0.0,0.0,0.0,0.0,0.0,0.0,0.0,2251.9968704458875,2253.961962154189,2280.7923862733087,2250.813687120388,2251.5012466311,2254.4605972154577,2276.0210680478126,2255.1491276122006,35.904484895942836,-2.321867905841352,3.6225859084151537,0.23867168020300586
243,2.439999999999992,10.995526633028566,1.5213000888138994,0.6580377720847044,0.6581191402989112,-0.06799501466110108,-0.5097429279214079,0.549925470029866,-2.0505807912902965,-16.87815113501201,0.2664578622011116,-2.1052186442943484,3.4900893332781218,0.15793036357321358,-27.04630314726586,-14.059571238767887,8.135711310770121,0.0,0.0,0.0,0.0,0.0,0.0,0.0,0.0,0.0,0.0,0.0,0.0,0.0,0.0,0.0,2262.65865688768,2261.1376584201353,2289.8287213630806,2261.2554690076613,2262.067390774056,2262.874444557737,2285.9151284711415,2265.987366657383,36.139173288721864,-2.34343839752929,3.6274684945612017,0.2263691926246511
244,2.4499999999999917,10.973650306297177,1.351838089960174,0.6611180220387044,0.6657727118797014,-0.08517544763118502,-0.5039353938467988,0.5436367887345809,-2.3260597955204307,-17.01212688541915,0.35021554928664855,-2.208634977053633,3.5467356971758397,0.16351566555536065,-27.89522811880829,-12.806106678961982,8.526823228211299,0.0,0.0,0.0,0.0,0.0,0.0,0.0,0.0,0.0,0.0,0.0,0.0,0.0,0.0,0.0,2271.2468801067857,2269.1176055355663,2294.880257692324,2271.6460120903985,2270.862702915966,2270.5612722282053,2292.0027768544746,2275.126762205891,36.29853591532483,-2.4005632195488955,3.6512646173629317,0.23041413603686622
245,2.4599999999999915,10.948977311870593,1.181100813116674,0.6650543899338821,0.6732011105247838,-0.10273019242974882,-0.49798296875698833,0.5368982540291233,-2.6098655654952645,-17.13307409933378,0.43760056213919796,-2.2727613577797636,3.580513247454013,0.16745305627375026,-28.71471221517785,-11.470267375361942,8.868563002657758,0.0,0.0,0.0,0.0,0.0,0.0,0.0,0.0,0.0,0.0,0.0,0.0,0.0,0.0,0.0,2279.6731351237327,2278.4040950233134,2296.657697333206,2282.0432736787175,2279.6796675687733,2279.4394375177403,2295.312873643592,2283.873326794819,36.500852810724716,-2.4695647192929187,3.6615742455552516,0.2292713411348441
246,2.4699999999999913,10.921427409333903,1.0092230320793378,0.6698798863491776,0.6803622152581317,-0.12054280051109423,-0.4918682787782686,0.52975681744145,-2.9013089821505993,-17.240081289457965,0.5279174635119183,-2.3352810414866254,3.6103553249572164,0.17071323299182756,-29.448910940875095,-10.041520092592293,9.132262968513327,0.0,0.0,0.0,0.0,0.0,0.0,0.0,0.0,0.0,0.0,0.0,0.0,0.0,0.0,0.0,2284.7565270520527,2283.6650446175317,2300.81999009481,2288.1362522375084,2284.5031875973777,2284.571127841718,2299.176146755796,2290.1863794881374,36.72669377134175,-2.5409995920033377,3.6574608315824477,0.239613348644046
247,2.479999999999991,10.890926145498556,0.836347471851063,0.6756213618513015,0.6872238433270749,-0.13859106226856524,-0.48560698147570486,0.522208546621069,-3.200123650017974,-17.332550448872468,0.6207428026478953,-2.4009727489623627,3.631323946872314,0.17350466868044107,-30.17805061430634,-8.565597148010085,9.365986130861813,0.0,0.0,0.0,0.0,0.0,0.0,0.0,0.0,0.0,0.0,0.0,0.0,0.0,0.0,0.0,2292.26807916247,2289.4690337029638,2306.251623994239,2294.644876645727,2291.6686153396245,2290.8523564300544,2304.7269111928795,2296.681491772387,36.90535563363543,-2.558125092203911,3.633887282528712,0.2394798555538963
248,2.489999999999991,10.857400363310738,0.6626220133993782,0.6823021364197773,0.6937426401219328,-0.15685092261782055,-0.47923563299035826,0.5142491083345888,-3.5061788670378156,-17.40997622613796,0.7157051715242759,-2.469327376144137,3.641212903197974,0.17661820334239284,-30.890002372010894,-7.038740873046123,9.558362816682319,0.0,0.0,0.0,0.0,0.0,0.0,0.0,0.0,0.0,0.0,0.0,0.0,0.0,0.0,0.0,2299.8629416563545,2294.852757156588,2313.1028862594226,2303.029203402498,2298.9144360124506,2296.5903933640298,2311.8828635470586,2304.9058031250497,37.06267054907323,-2.521909650884965,3.581192520860594,0.22329614870286096
249,2.4999999999999907,10.820780212470488,0.4882001026427417,0.6899404673147536,0.699880291043365,-0.17524041135188526,-0.472764387259266,0.5059171973531317,-3.8188704779568563,-17.47174301835832,0.8121299520928515,-2.512245837965287,3.636315690385332,0.17962720622118722,-31.522827016231325,-5.44983384863329,9.673862465860994,0.0,0.0,0.0,0.0,0.0,0.0,0.0,0.0,0.0,0.0,0.0,0.0,0.0,0.0,0.0,2305.6914201068407,2300.8460960787716,2315.9779452008574,2311.00899445413,2305.030864548593,2302.224086543641,2315.734809846591,2311.689640992619,37.31337243904147,-2.512550502052399,3.5374595001068467,0.22408964908905152
250,2.5099999999999905,10.781003027636922,0.31324093171302053,0.6985474607531302,0.7056138352055703,-0.19359220465642027,-0.4661747118722285,0.4973050491133164,-4.13746650156884,-17.517367963644126,0.9093347704467335,-2.517233588056792,3.610320618523308,0.18104925288027418,-32.082491821363135,-3.8220525054981636,9.725823515093213,0.0,0.0,0.0,0.0,0.0,0.0,0.0,0.0,0.0,0.0,0.0,0.0,0.0,0.0,0.0,2311.6188450387917,2307.7763601669885,2315.4345405292142,2318.5131908833055,2311.314696304547,2308.777325425982,2316.602364563665,2317.659265915092,37.603391683817684,-2.5093233420970877,3.4692467409127,0.2204148463193533
251,2.5199999999999902,10.73801088989738,0.13790695218808116,0.7081293823690126,0.710930802327263,-0.21178386863368448,-0.4594692696457847,0.48848027344001665,-4.4618693550114905,-17.546691139311005,1.0070955078833863,-2.5168418588828056,3.5769241754588097,0.18185725015323476,-32.65598377503398,-2.187285332372113,9.770723282706783,0.0,0.0,0.0,0.0,0.0,0.0,0.0,0.0,0.0,0.0,0.0,0.0,0.0,0.0,0.0,2319.4101118259073,2315.5124374889724,2321.637972034806,2327.475562114813,2319.071424559832,2316.671802301056,2322.9938147812986,2326.862077560467,37.903422240518935,-2.500377026896578,3.394921306803978,0.23095096646064844
252,2.52999999999999,10.691746121448082,-0.03763816253355193,0.7186907857428967,0.7158126886284844,-0.2297699168230336,-0.4526866165003051,0.4794713832577524,-4.79194397103966,-17.55957188620207,1.1051756216562443,-2.515130123628271,3.527971215391033,0.18233829883515726,-33.20536246902073,-0.5378991324924698,9.785106526944087,0.0,0.0,0.0,0.0,0.0,0.0,0.0,0.0,0.0,0.0,0.0,0.0,0.0,0.0,0.0,2329.8554333566035,2323.656604219641,2328.88465279736,2337.392409769434,2329.0996121715825,2325.3766037323803,2330.656766164182,2336.48185810454,38.12933558377321,-2.454259261349305,3.3120721765309153,0.22894286645838924
253,2.53999999999999,10.64215396486841,-0.21322922722275273,0.7302328575152518,0.7202371437811889,-0.24750562317135574,-0.4458776895363429,0.4703110770439143,-5.127260750359534,-17.555863125112847,1.203149501216622,-2.509805892894711,3.468056542095438,0.18351419364108404,-33.70480373975315,1.1240416787927643,9.752419832474546,0.0,0.0,0.0,0.0,0.0,0.0,0.0,0.0,0.0,0.0,0.0,0.0,0.0,0.0,0.0,2339.151311196267,2331.413110453498,2337.7561465624212,2348.50479362258,2338.2417283488126,2333.2459692903876,2339.872750376215,2347.3601147252057,38.31862324638657,-2.390115843485814,3.209328582616532,0.20608450850587873
254,2.5499999999999896,10.589186574198301,-0.3886997552872457,0.7427510635454283,0.724202832566479,-0.26492145723600236,-0.43906102686256787,0.46105562949499806,-5.466797981368741,-17.535459949758167,1.3002707724309244,-2.484431676193715,3.398081402766916,0.18484785660938216,-34.08193430510398,2.791855235621199,9.63631400606113,0.0,0.0,0.0,0.0,0.0,0.0,0.0,0.0,0.0,0.0,0.0,0.0,0.0,0.0,0.0,2346.235129032399,2338.9594381527872,2342.695472529392,2357.218243406084,2345.567267469674,2340.423442710077,2345.378184249094,2355.1978693107844,38.63655264884344,-2.3246040150602036,3.093504985280653,0.20087791318833614
255,2.5599999999999894,10.532807154358283,-0.5638829599570986,0.7562332563011406,0.7277232143202391,-0.28191682846197486,-0.432249029126158,0.4517771596582265,-5.809511570226662,-17.49842583574842,1.395848022418949,-2.440764358458807,3.313648051608108,0.18436662688746747,-34.36173399003817,4.445460448028626,9.45798977251866,0.0,0.0,0.0,0.0,0.0,0.0,0.0,0.0,0.0,0.0,0.0,0.0,0.0,0.0,0.0,2353.987801685175,2346.628260592687,2344.4164639119826,2363.576265256799,2353.3249061746383,2348.04489373789,2347.768463286702,2360.699866332106,38.99900293418,-2.2490338663642335,2.9553315158023348,0.19739871498722364
256,2.569999999999989,10.472984759404513,-0.7386134322443538,0.7706631277610851,0.7308095823586477,-0.298405338045338,-0.42547771330226886,0.4425385000673939,-6.155445068019142,-17.44495155007339,1.4898227820249987,-2.387027745370166,3.215555474585714,0.18293475473212625,-34.684830189189775,6.077425573838724,9.295593291274162,0.0,0.0,0.0,0.0,0.0,0.0,0.0,0.0,0.0,0.0,0.0,0.0,0.0,0.0,0.0,2364.4112940546042,2356.1168710487736,2351.7438874730756,2374.527928298526,2363.699225052819,2357.788051538149,2355.8225011960662,2371.476489634334,39.3637574344109,-2.1583560172919785,2.8292933777317817,0.21017812029735375
257,2.579999999999989,10.409686740927796,-0.9127278581688314,0.7860245307710299,0.733467306519994,-0.31431746188682125,-0.418798342866279,0.4334030357897724,-6.504601196939951,-17.375263486717937,1.5821252680794509,-2.322806166000026,3.099847094731261,0.1813739050668619,-34.992588221890664,7.683566999791225,9.118333123923517,0.0,0.0,0.0,0.0,0.0,0.0,0.0,0.0,0.0,0.0,0.0,0.0,0.0,0.0,0.0,2376.399434749841,2366.4410095696694,2360.5232060366047,2387.333728549124,2375.5139806915063,2368.4070275555237,2365.313002226299,2383.7574415093823,39.62641824722138,-2.0628093181449687,2.7190071907673907,0.21039908229526072
258,2.5899999999999888,10.342882702213574,-1.0860656189500588,0.8022994779909531,0.7357161574354734,-0.3295933793275804,-0.4122435300988801,0.42443516805682024,-6.8565635977452635,-17.289682960238146,1.6724817124242897,-2.2458654924497012,2.9800106937522877,0.18105630817226076,-35.24981442965469,9.25328016013438,8.910842504592509,0.0,0.0,0.0,0.0,0.0,0.0,0.0,0.0,0.0,0.0,0.0,0.0,0.0,0.0,0.0,2386.110363354733,2376.7908703382354,2371.5343496862774,2400.520118098562,2385.508372612628,2378.4141826334317,2376.5758716975542,2396.77333741864,39.82775754842706,-1.9895990741743141,2.6077461759426193,0.18966969193134986
259,2.5999999999999885,10.272549648781116,-1.258470171196445,0.8194658438397018,0.7375997700929269,-0.34420447150203715,-0.4058055821499553,0.4156821988644698,-7.210193204927826,-17.188720566531405,1.760307140715791,-2.1602120372006626,2.8645058941830013,0.18144426577715989,-35.370375042893976,10.764560799241707,8.636388240621962,0.0,0.0,0.0,0.0,0.0,0.0,0.0,0.0,0.0,0.0,0.0,0.0,0.0,0.0,0.0,2393.2712378241836,2385.737408666162,2379.4947589940925,2408.8260111382083,2392.932296277459,2386.9128688288693,2384.264920100194,2404.928154116456,40.18543684201264,-1.8641318436087508,2.4479934257672586,0.18570795140863927
260,2.6099999999999883,10.19867683895479,-1.4297907565459769,0.8374955558314355,0.7391553699995889,-0.3581620479558182,-0.39948795542632726,0.407159256156799,-7.564356317894272,-17.072995821931563,1.8450815265939073,-2.0810039902788686,2.7507778905315856,0.18044933699632326,-35.38822137232245,12.21224586687697,8.316283178262163,0.0,0.0,0.0,0.0,0.0,0.0,0.0,0.0,0.0,0.0,0.0,0.0,0.0,0.0,0.0,2401.09081013424,2393.3863872746483,2384.5516646580645,2412.982625631932,2400.500827977935,2394.7159769466907,2388.9153351409436,2409.1914626200532,40.59525893950812,-1.729835968331688,2.2674913992566017,0.18306598549055744
261,2.619999999999988,10.121258672612843,-1.599881843565802,0.8563584423917772,0.7404110099285796,-0.37142164031815983,-0.393326049372766,0.3989136753292884,-7.919383517294077,-16.94287391358265,1.9270105259374917,-1.9784774536273133,2.6164315061535937,0.17877863123607807,-35.491398581606326,13.632376436781612,8.04347751210388,0.0,0.0,0.0,0.0,0.0,0.0,0.0,0.0,0.0,0.0,0.0,0.0,0.0,0.0,0.0,2412.3850228869305,2403.6620138207186,2392.171241975277,2425.8398499122213,2411.8707661410344,2405.2125998361744,2398.129313150845,2421.0792934563274,40.998317583612746,-1.5712671420243742,2.1203990927964442,0.19828939886937214
262,2.629999999999988,10.040284323506372,-1.7686013659084876,0.8760274743881881,0.7413913246343554,-0.38388234738147586,-0.3873771992280851,0.3910398351114731,-8.275606855590127,-16.798772001509544,2.0063338706360017,-1.8612547699467208,2.462115091750513,0.17717077561686126,-35.60930142199936,15.002654141472505,7.787142685543591,0.0,0.0,0.0,0.0,0.0,0.0,0.0,0.0,0.0,0.0,0.0,0.0,0.0,0.0,0.0,2425.3584212442843,2415.2065848448724,2401.6672963608726,2440.4563769930005,2424.7678717511044,2416.9887577665845,2408.462078507103,2435.0657054284375,41.2686032430656,-1.4579831795457876,2.0094185318533326,0.1997381196758161
263,2.6399999999999877,9.955742523890716,-1.935812584346,0.8964768247936686,0.7421456143989871,-0.39547709794290065,-0.38165575514725353,0.38361000585749977,-8.63281916303266,-16.641334379440334,2.083076652196212,-1.7241318788299027,2.311616377447311,0.1770780745855147,-35.69429843356531,16.302022640623193,7.531190968176116,0.0,0.0,0.0,0.0,0.0,0.0,0.0,0.0,0.0,0.0,0.0,0.0,0.0,0.0,0.0,2434.8532118860912,2427.314657318924,2414.025750988357,2454.483482525502,2434.953831532464,2428.320807854611,2420.8958625868636,2449.0678737141575,41.452624738446126,-1.4212275116053585,1.9223842138224911,0.18005656973507606
264,2.6499999999999875,9.86762803485977,-2.101386807796171,0.9176795200027126,0.7427317856115785,-0.40623200304097756,-0.37612924729879615,0.3766322392918491,-8.989942588481384,-16.471548999292416,2.156947735626683,-1.5995952663425932,2.1786493207885584,0.1778705967576076,-35.64487516563197,17.493026842817727,7.235787478917732,0.0,0.0,0.0,0.0,0.0,0.0,0.0,0.0,0.0,0.0,0.0,0.0,0.0,0.0,0.0,2442.001725608538,2436.3373433756346,2424.2587422118477,2460.928577407952,2442.09291544666,2437.099569773025,2429.8556459581214,2456.2336408024776,41.82127277691866,-1.2717790760600094,1.7461974100943196,0.17520164456825832
265,2.6599999999999873,9.775947427183153,-2.2652057050092855,0.9396053350157629,0.743158350185656,-0.4162999757900019,-0.37079463892000236,0.37002882651864116,-9.345901055362095,-16.290420598757922,2.2276635085066174,-1.5177471658256578,2.0658165274124984,0.17734021515222545,-35.50004501955506,18.589984210368726,6.9139640812307945,0.0,0.0,0.0,0.0,0.0,0.0,0.0,0.0,0.0,0.0,0.0,0.0,0.0,0.0,0.0,2449.691208284749,2442.7571563401702,2432.297821413929,2461.1287189281047,2449.10476174189,2444.032128173182,2436.1330899748673,2457.7856843461204,42.25283198621874,-1.106880505392447,1.556551376998034,0.1757413243461961
266,2.669999999999987,9.680710595676702,-2.427157904761713,0.9622241170304333,0.7434389351595259,-0.4256936143084021,-0.36568661198594254,0.3638087385428812,-9.701380716532666,-16.098230811632668,2.2956497954906596,-1.4003582373898187,1.9240920605029488,0.17599406638805384,-35.48684588190909,19.681463371188812,6.6635275645858805,0.0,0.0,0.0,0.0,0.0,0.0,0.0,0.0,0.0,0.0,0.0,0.0,0.0,0.0,0.0,2461.4252008134904,2452.9169764150042,2439.1826527321728,2474.680152029073,2461.0089605822736,2454.397522585631,2445.5509451931403,2469.5091585422174,42.665503803191164,-0.9027315876854072,1.416571904780847,0.19482308129958253
267,2.679999999999987,9.581918090353831,-2.5871341635631837,0.9855112512375331,0.7436116164973366,-0.43427084316353765,-0.360862125930699,0.35809094467331143,-10.057109142095305,-15.895320064666969,2.3614010145745605,-1.2612104461184621,1.762012906864582,0.17483720914201956,-35.52505541714979,20.72519729958877,6.45600391909662,0.0,0.0,0.0,0.0,0.0,0.0,0.0,0.0,0.0,0.0,0.0,0.0,0.0,0.0,0.0,2474.175986366696,2465.026448391461,2448.71333951757,2490.4273234012617,2473.9322168335175,2466.496105560536,2456.093976994355,2484.5108911540674,42.91014683647268,-0.7904352766026695,1.3100346367874458,0.19887384463396818
268,2.6899999999999866,9.479566813907999,-2.7450307061077286,1.0094458461944822,0.7437508052387477,-0.4419356089179147,-0.35630378407386526,0.35295222159905804,-10.413111035616351,-15.682430109117286,2.425187239190985,-1.0908168246452035,1.6104060806628469,0.1754918949102954,-35.547719153221635,21.68430412909572,6.273889153912471,0.0,0.0,0.0,0.0,0.0,0.0,0.0,0.0,0.0,0.0,0.0,0.0,0.0,0.0,0.0,2482.3982545230847,2478.073196494306,2461.2560413601245,2504.8399616903803,2483.2769278514097,2478.3122686320976,2468.6958559491645,2498.8752959123553,43.08440163623558,-0.7642783871264405,1.2183390296541858,0.1911839586644901
269,2.6999999999999864,9.373658323533173,-2.90075370869518,1.0340082975762876,0.743906928315665,-0.448732284174226,-0.3519613633402344,0.34837482380249185,-10.768353423934817,-15.460836511706777,2.4869521570029205,-0.9504597750858526,1.4786082981556166,0.1772246212198207,-35.435277093290196,22.502010241536752,6.073091857406787,0.0,0.0,0.0,0.0,0.0,0.0,0.0,0.0,0.0,0.0,0.0,0.0,0.0,0.0,0.0,2489.1055095283014,2485.551249556818,2471.6974711938988,2509.666096116308,2489.4495383623375,2485.9932549972295,2477.3134072205235,2504.846938580453,43.43531188855007,-0.6185115094469822,1.0583696564300857,0.18662716125559964
270,2.709999999999986,9.264204846024148,-3.0542221280696356,1.0591781783996377,0.74403774000794,-0.4548648231773444,-0.34784812476002497,0.34424920650693525,-11.122024878077646,-15.23166967177864,2.546678584271473,-0.8649971277422691,1.3642999576884967,0.17848276193302542,-35.26380033546417,23.221584538712037,5.872831604536444,0.0,0.0,0.0,0.0,0.0,0.0,0.0,0.0,0.0,0.0,0.0,0.0,0.0,0.0,0.0,2496.5262620790218,2489.788685913534,2480.651369993483,2509.7665210945806,2495.841037202222,2491.1096827478386,2484.4239149690025,2506.454648180965,43.77001578616225,-0.44529289449130505,0.9002934332067801,0.1779728952656752
271,2.719999999999986,9.151219218738756,-3.2053619658313264,1.0849372693043013,0.7441339996373659,-0.4603780344771247,-0.3439964321606499,0.34056293194565296,-11.474997034308126,-14.99511965538513,2.604915571723961,-0.747071374988775,1.2291416110761806,0.17909315948156762,-35.235218156898895,23.950019437940284,5.750805905533785,0.0,0.0,0.0,0.0,0.0,0.0,0.0,0.0,0.0,0.0,0.0,0.0,0.0,0.0,0.0,2507.314557347127,2499.6553163901335,2487.659403007894,2521.64084738204,2507.1013408876356,2500.9385741091755,2493.589539560987,2516.7450209993485,43.881957414250856,-0.21467084309672382,0.8203713991894263,0.15692275915256404
272,2.7299999999999858,9.034705222049581,-3.3541012188112327,1.111273165107806,0.7442509791544527,-0.4651425546826556,-0.3404251370435032,0.3374071871194261,-11.827710295349666,-14.751676818520847,2.6620946630467723,-0.6034606837686609,1.084571907056909,0.17891594677073358,-35.213568585783506,24.605206877614805,5.661178720115068,0.0,0.0,0.0,0.0,0.0,0.0,0.0,0.0,0.0,0.0,0.0,0.0,0.0,0.0,0.0,2516.90995803141,2510.6802204587434,2494.231237131798,2532.9873063511427,2517.1739635775107,2511.4528143893044,2500.892503146797,2527.365768428516,43.900689797078606,0.021065101367859745,0.6319398719316289,0.1419833388915451
273,2.7399999999999856,8.914669953114458,-3.500377523629565,1.1381751979037142,0.7445028234646535,-0.46905082544332194,-0.3370498235267244,0.33481978057561274,-12.179015945959446,-14.502799331824013,2.7181290448105764,-0.41792096242090787,0.9692932247210911,0.17696548779512408,-35.03021196112854,25.087915790564352,5.553302608302779,0.0,0.0,0.0,0.0,0.0,0.0,0.0,0.0,0.0,0.0,0.0,0.0,0.0,0.0,0.0,2517.5516439715752,2520.038548485707,2496.146960999035,2535.1614398845068,2519.395928592237,2518.628295800218,2502.339714892867,2529.3715567043014,43.814824530839125,0.27522719919410976,0.3708671463609726,0.12841984956269845
274,2.7499999999999853,8.791133034463188,-3.6441437833385377,1.1656324876229036,0.7449812653931793,-0.4719852427493955,-0.33382851175791506,0.33285337549357513,-12.52794330684114,-14.249873538494159,2.773214926534165,-0.2093085109961565,0.8202438027171611,0.17344625022796079,-34.77683763359174,25.441689218354213,5.4815710570488285,0.0,0.0,0.0,0.0,0.0,0.0,0.0,0.0,0.0,0.0,0.0,0.0,0.0,0.0,0.0,2520.0049876651037,2520.8339132558986,2492.0458393188587,2538.653732205834,2520.7293123604322,2520.143625631237,2499.8154728121203,2531.1682783238725,43.8130984123691,0.3835337351685742,0.29308477953412265,0.1326945088030945
275,2.759999999999985,8.664121610884218,-3.78536640009458,1.1936374782061943,0.7456828341408527,-0.47379487453290214,-0.3308906804125087,0.3316427073676793,-12.873834278490525,-13.994313880618613,2.827747781114304,0.02103674284516289,0.6222807372337551,0.16881084774897337,-34.462085502994455,25.644217524392943,5.452064661922051,0.0,0.0,0.0,0.0,0.0,0.0,0.0,0.0,0.0,0.0,0.0,0.0,0.0,0.0,0.0,2521.086962114342,2516.5803207326003,2483.794920232038,2540.6916715350117,2520.7457441435754,2516.591097369032,2493.1154733913068,2531.4960175004703,43.7946581565844,0.44948052486155565,0.2759621102670557,0.16081590618436484
276,2.769999999999985,8.533664681347178,-3.924024291000967,1.222188498786012,0.7465706074327416,-0.47456315974148494,-0.3282716382224478,0.3311493123538617,-13.217176213208107,-13.737037470988746,2.882571313011429,0.1901546425613178,0.4797768562586787,0.16463550976965652,-34.23460018183633,25.784291664546544,5.5172302683450525,0.0,0.0,0.0,0.0,0.0,0.0,0.0,0.0,0.0,0.0,0.0,0.0,0.0,0.0,0.0,2519.298111644756,2516.8472765119614,2490.8998627906562,2534.673683932332,2519.5437248721423,2516.3811997929665,2496.5173161003695,2529.350886909279,43.59107421220698,0.5857963852130436,0.2785050257042982,0.22219420896173392
277,2.7799999999999847,8.39978559658426,-4.06010400788604,1.251291966012131,0.7476114286244323,-0.47459342308652275,-0.32584713411680555,0.33115235125394554,-13.558278569272547,-13.478798035227111,2.938315378761634,0.31126852338420274,0.3915082007063444,0.1632376158449268,-34.01486815224786,25.851055405164303,5.629932639812374,0.0,0.0,0.0,0.0,0.0,0.0,0.0,0.0,0.0,0.0,0.0,0.0,0.0,0.0,0.0,2515.0525815517103,2515.5335534927435,2500.0879757329953,2529.126085900809,2515.5075782945755,2514.7664818132484,2503.4331201863283,2526.0305871863357,43.772555138522186,0.623531659859166,0.24909028908336445,0.21687507269804954
278,2.7899999999999845,8.262510372599808,-4.193601450598367,1.2809576231300375,0.7488324854961411,-0.47404238926596876,-0.3234610976907908,0.3315217038526322,-13.896209034735662,-13.220784629567207,2.9949988665288885,0.44206845109853143,0.34273778212195877,0.16767912194245613,-33.66172390292199,25.785405356714364,5.728931749734212,0.0,0.0,0.0,0.0,0.0,0.0,0.0,0.0,0.0,0.0,0.0,0.0,0.0,0.0,0.0,2501.838012325332,2508.6505154773868,2502.105271032014,2524.836992465961,2503.2550162051202,2506.419665125075,2505.032183319735,2521.6297148795816,44.33239909535465,0.5442024270022248,0.29358491612863935,0.1705795018012113
279,2.7999999999999843,8.121865306238048,-4.324517669680231,1.3111994262479472,0.7502195653967778,-0.4730256066226657,-0.3210460585745635,0.3321848994895268,-14.232665120946876,-12.962349629671566,3.0537892530545694,0.5261227168055747,0.30185832071297625,0.17334660496129367,-33.592152062649205,25.86141589116231,5.989503128148499,0.0,0.0,0.0,0.0,0.0,0.0,0.0,0.0,0.0,0.0,0.0,0.0,0.0,0.0,0.0,2508.5286193959378,2512.569266776863,2509.0659207554168,2526.08848482165,2509.4872465206277,2512.347459339783,2511.3082880332927,2524.080563570351,44.67033005532061,0.49063173881116373,0.31407970041784716,0.16879552222345715
280,2.809999999999984,7.977850428867771,-4.452840729107245,1.3420465003192228,0.7516612280563606,-0.471810844811566,-0.31862769582771755,0.33298095502073366,-14.570606651488049,-12.701903992674815,3.1162748817405026,0.5315104758508153,0.29938112957673413,0.1747681180285196,-33.82125564019134,26.108414836011562,6.400854156274338,0.0,0.0,0.0,0.0,0.0,0.0,0.0,0.0,0.0,0.0,0.0,0.0,0.0,0.0,0.0,2529.087921988579,2530.271798190052,2527.9607430947185,2530.8909923484266,2529.9521276329842,2531.3699419202185,2527.822393136712,2532.214040333208,44.859200628086384,0.4294221083739288,0.3705798201272659,0.1862805266329606
281,2.819999999999984,7.830449030529112,-4.578549639140239,1.3735371981646642,0.7530798741759617,-0.4706283259488965,-0.3162089441398005,0.3337537798612166,-14.909740161916076,-12.439655458220232,3.1824140779525405,0.5113225361584435,0.3060483034146944,0.17432224958546258,-33.89757089852452,26.26415232085577,6.746610635765649,0.0,0.0,0.0,0.0,0.0,0.0,0.0,0.0,0.0,0.0,0.0,0.0,0.0,0.0,0.0,2540.367973195141,2539.3964342233526,2540.4520044059786,2537.6318223802014,2540.4678052303993,2540.314712077098,2540.0192921546713,2539.0612735962136,44.94764159042841,0.40905839403575367,0.44850738794054534,0.209760213118193
282,2.8299999999999836,7.6796560538983,-4.701630320212438,1.4057048595745385,0.7544469266464623,-0.46958797356101384,-0.31377083742010686,0.3344321030422363,-15.248741271199686,-12.176348008171813,3.251571163700753,0.47172749261496044,0.3350539576155401,0.1751163491407508,-33.84997985379101,26.355747444393174,7.0283768772636535,0.0,0.0,0.0,0.0,0.0,0.0,0.0,0.0,0.0,0.0,0.0,0.0,0.0,0.0,0.0,2544.204651366834,2544.2568990806976,2550.0149831276635,2541.697547856337,2544.368128846957,2544.5734421056877,2548.6291375568676,2543.7454822776085,44.917262984147904,0.45095087258900174,0.3571294672214851,0.2252790369646084
283,2.8399999999999834,7.525477961382425,-4.822074486222876,1.438576841994339,0.7557850238791004,-0.4687440839935241,-0.31123248024205064,0.33496615447462946,-15.586630762316485,-11.912392206212512,3.3232046406548643,0.4423435537505379,0.385389511318029,0.1782091818252634,-33.71260541615584,26.416510634192036,7.26101817823821,0.0,0.0,0.0,0.0,0.0,0.0,0.0,0.0,0.0,0.0,0.0,0.0,0.0,0.0,0.0,2543.2555132451726,2547.3339230948163,2555.593480172118,2544.606298664103,2544.120916370015,2546.7008830479904,2553.9494335760696,2546.568684628703,44.74777791846381,0.39283735320043534,0.39538859821988653,0.23406794375119971
284,2.849999999999983,7.367930723453416,-4.939877413717744,1.4721753936994142,0.7571125023638428,-0.4679791993306817,-0.3086274141178696,0.33544783053865657,-15.922427690186373,-11.648170670466557,3.396814750042549,0.4476448553034493,0.37154010183042213,0.1829698910142029,-33.47722994961977,26.429177907163037,7.445605180801174,0.0,0.0,0.0,0.0,0.0,0.0,0.0,0.0,0.0,0.0,0.0,0.0,0.0,0.0,0.0,2544.4808259863817,2542.9444315232095,2549.4750344250665,2551.1319603648612,2543.9275681018507,2543.5132096583484,2550.5821555265666,2549.874636365342,44.72939388288327,0.28931699511813475,0.4711024515382251,0.2138167991663191
285,2.859999999999983,7.207040362302522,-5.055039593554161,1.5065177281654023,0.7583933995823924,-0.4672565696141905,-0.3060367320515912,0.33593491669879105,-16.255101970835344,-11.384342758747087,3.471874401913482,0.41990472323409156,0.3833310543167363,0.18843916569581687,-33.13647614182713,26.3725006424238,7.5725629583782705,0.0,0.0,0.0,0.0,0.0,0.0,0.0,0.0,0.0,0.0,0.0,0.0,0.0,0.0,0.0,2539.3628379316892,2538.2358592131413,2547.811188512343,2544.178891862494,2538.99447774287,2538.3012613570254,2546.442114627136,2544.9190558722767,44.678661705998856,0.1843890145559085,0.5946649631963095,0.195485044677149
286,2.869999999999983,7.042837280626287,-5.167564153193673,1.541618158286952,0.7595909391210579,-0.46675393808261023,-0.30341315324215445,0.33630763436059113,-16.58512462444915,-11.120517962517026,3.5484766979596762,0.35632415817548285,0.4225356324062725,0.19206148850396634,-32.89918524196622,26.399561093342072,7.731301695375503,0.0,0.0,0.0,0.0,0.0,0.0,0.0,0.0,0.0,0.0,0.0,0.0,0.0,0.0,0.0,2540.197003682,2539.5131340807975,2549.6092785286023,2537.3778442477774,2539.9702462959926,2539.960375079574,2546.8660961145947,2539.773987807873,44.59490968483521,0.08750415775670387,0.6722982397868829,0.19799049843801175
287,2.8799999999999826,6.875346432029322,-5.277448885987754,1.5774917939818098,0.7606942266786845,-0.46662849778568644,-0.30068428438324357,0.3364388498329652,-16.912615480991946,-10.856338563990395,3.6264552900420086,0.2738950252521236,0.4988488331168243,0.19319472925634687,-32.63701119277229,26.448078683003473,7.853519590680147,0.0,0.0,0.0,0.0,0.0,0.0,0.0,0.0,0.0,0.0,0.0,0.0,0.0,0.0,0.0,2538.7215699001813,2541.284652655948,2550.7339550879246,2530.2989855545034,2538.996577822873,2541.05191019041,2546.892720026847,2533.8523698177232,44.516504702772636,0.0016783662116025971,0.7058740095329271,0.21125880288715798
288,2.8899999999999824,6.7045947243407005,-5.38468905910633,1.6141503657014198,0.7617044758765977,-0.46695727758447747,-0.2978026382325432,0.3362599901894189,-17.237241230864928,-10.591559053299422,3.705392125478349,0.1850093924321052,0.5747165282750758,0.19373035123178226,-32.33876424390303,26.522744833254563,7.931360531499898,0.0,0.0,0.0,0.0,0.0,0.0,0.0,0.0,0.0,0.0,0.0,0.0,0.0,0.0,0.0,2536.608033561506,2538.598707390853,2549.1029011190453,2527.3895874054283,2536.3796910173924,2538.6029155750675,2545.628926194988,2530.648644980368,44.28834629541502,-0.07627673019455465,0.8214201690151226,0.2307070384425012
289,2.899999999999982,6.530611780000889,-5.489276875885832,1.65160158619561,0.7625991388670564,-0.4677313042771722,-0.29480933031975676,0.33579374496082565,-17.558853374759767,-10.325800467430922,3.7849307547940456,0.09779600327034876,0.6318164191359514,0.19525867343724498,-32.03482526938828,26.637963956050115,7.976715799426604,0.0,0.0,0.0,0.0,0.0,0.0,0.0,0.0,0.0,0.0,0.0,0.0,0.0,0.0,0.0,2534.8578112576683,2534.1025276759906,2546.305683366747,2527.5003102059122,2534.1087577687504,2534.596818384913,2543.5547912078364,2530.0756383986604,44.28555429565166,-0.19427075697799684,0.9499289754422203,0.20820942683691485
290,2.909999999999982,6.353431159228814,-5.591202785762811,1.6898482234007677,0.7633850610533341,-0.46894468519200927,-0.29168390444783865,0.33504422197200884,-17.876604214624273,-10.059221145508127,3.8643410411616927,0.014983947125734816,0.7157492285592496,0.19853234270869757,-31.614921426758258,26.71799633248284,7.934652639852491,0.0,0.0,0.0,0.0,0.0,0.0,0.0,0.0,0.0,0.0,0.0,0.0,0.0,0.0,0.0,2525.1867520643286,2528.633985026294,2542.887629384428,2520.8349388963984,2525.3393094917888,2527.840553209369,2539.0498823423154,2524.0732535863135,44.245463153672205,-0.3384719867958885,1.1769223123169013,0.18196278256879037
291,2.9199999999999817,6.173089788485497,-5.690454983936879,1.7288885544909314,0.7640766700839814,-0.47066319366888154,-0.28834380878361415,0.333947373541015,-18.191207986438403,-9.790820799239539,3.9437313966491985,-0.08551847772397946,0.8186340741174107,0.20036010746033847,-31.33574024733221,26.951665508505585,7.939000790459616,0.0,0.0,0.0,0.0,0.0,0.0,0.0,0.0,0.0,0.0,0.0,0.0,0.0,0.0,0.0,2525.75386046533,2530.8406383830234,2543.1251445363696,2516.2755807296653,2526.2474961810585,2530.538398452457,2538.6494617424382,2520.5419220152453,44.14554065267933,-0.5781850934839461,1.2915264414993437,0.17589617137641306
292,2.9299999999999815,5.989617229277068,-5.7870107454079545,1.7687220204297855,0.7646797121304767,-0.47301632598702975,-0.28468457199838537,0.3323780794093972,-18.50277371752159,-9.519845152587749,4.022887724593904,-0.20688494084795672,0.9767706677684529,0.19918460905294796,-31.01494583517095,27.23631032567475,7.894764792947484,0.0,0.0,0.0,0.0,0.0,0.0,0.0,0.0,0.0,0.0,0.0,0.0,0.0,0.0,0.0,2523.6340137306547,2534.704971589281,2545.3055505763414,2507.816134398995,2525.090101316419,2533.2863454741496,2538.9135866511742,2514.0726711565353,44.03759283524135,-0.6841423553069713,1.3809071503695776,0.19254267497064448
293,2.9399999999999813,5.803046872151241,-5.880841954961233,1.809343273021005,0.7651207170854729,-0.4761801275176463,-0.2807034917633051,0.3302246570984333,-18.810661075334604,-9.245829210565542,4.10116235421722,-0.3859516494027662,1.1136084071804209,0.1966725635244497,-30.624517497621184,27.565911961852763,7.77347637745418,0.0,0.0,0.0,0.0,0.0,0.0,0.0,0.0,0.0,0.0,0.0,0.0,0.0,0.0,0.0,2525.3913004822325,2528.1683668987403,2543.890872134892,2502.9028626724526,2524.230505026963,2528.996516883803,2537.3464660450372,2509.3522573148725,43.84829902400313,-0.6284466823374155,1.5194545867378315,0.23706861641132834
294,2.949999999999981,5.613417751442317,-5.971915332287844,1.850739823494663,0.7653357118463724,-0.48014391381269644,-0.276496155188064,0.3275254896453869,-19.114481230675253,-8.96817716183743,4.1778387666036725,-0.5262410345123527,1.2301164820272827,0.19537601543577868,-30.206406878537706,27.9566865775962,7.585895407398624,0.0,0.0,0.0,0.0,0.0,0.0,0.0,0.0,0.0,0.0,0.0,0.0,0.0,0.0,0.0,2521.3664769699308,2523.3879630144693,2539.2005939746077,2504.1797784215005,2520.826002333802,2523.445946451992,2534.367959604737,2508.946812662323,43.9125345206719,-0.7149029984756659,1.7385248612233188,0.2075385444264726
295,2.959999999999981,5.420773422889218,-6.060192863967377,1.892891994078144,0.7654615097175702,-0.48463640514452205,-0.27196298003777847,0.3243953905937383,-19.413574081942453,-8.686638472605619,4.252185876560022,-0.5716454784257986,1.3570306005351545,0.1981276190780601,-29.70492041173145,28.35585911362415,7.332159774127156,0.0,0.0,0.0,0.0,0.0,0.0,0.0,0.0,0.0,0.0,0.0,0.0,0.0,0.0,0.0,2507.1452893870273,2520.4876501622016,2532.862769811819,2506.421056248639,2509.3024356035057,2517.60853013845,2529.6694893600006,2509.311761303929,43.885106908356825,-0.8663132618445956,2.1082757066555056,0.16865822569268962
296,2.9699999999999807,5.22515898695055,-6.145630305540829,1.935777233082657,0.7656001972559802,-0.48956364508545464,-0.2669384132927815,0.3208234076263443,-19.708686668262263,-8.399870889298393,4.32455049592844,-0.6419669515710599,1.5247828721383878,0.19974723263740682,-29.334338321092446,28.941637119608288,7.148291344567959,0.0,0.0,0.0,0.0,0.0,0.0,0.0,0.0,0.0,0.0,0.0,0.0,0.0,0.0,0.0,2507.9354127463503,2527.060138350441,2535.484092200102,2502.3544232171525,2510.8323218566834,2524.599413751042,2530.2147498870654,2507.601481091162,43.776107305340624,-1.2458478547755243,2.282988619308787,0.1505278726899463
297,2.9799999999999804,5.026614521147746,-6.228170623969702,1.9793755692512078,0.7657490588339089,-0.49513849404442095,-0.261225702745319,0.31658708570568683,-19.999400421004175,-8.10713830456106,4.394709766488032,-0.751053002803426,1.7819829390129542,0.1971307801441633,-28.851038039469756,29.566128931129754,6.904526922442145,0.0,0.0,0.0,0.0,0.0,0.0,0.0,0.0,0.0,0.0,0.0,0.0,0.0,0.0,0.0,2505.396614876666,2533.9260630703766,2540.831920544003,2489.7158931643103,2509.4889068919165,2529.9899105145496,2532.13352445687,2498.4004062000386,43.69626697014977,-1.329141346774805,2.4409517038731803,0.17100559678655988
298,2.9899999999999802,4.825190100716157,-6.307751883070905,2.0236614477119574,0.7657059776527297,-0.5017189201269289,-0.2548584649007268,0.31147976473920536,-20.284489548520927,-7.807963031689019,4.461897518164577,-0.992174743522682,1.9994146416716294,0.1918232137380563,-28.246483999179617,30.24199314981235,6.563421421896365,0.0,0.0,0.0,0.0,0.0,0.0,0.0,0.0,0.0,0.0,0.0,0.0,0.0,0.0,0.0,2512.638660451319,2523.001232827202,2540.9994002095987,2481.1389728861277,2511.390128137596,2523.8667805141104,2531.30512662445,2490.909576779045,43.546393797902816,-1.067617986404045,2.607345183293592,0.24322105310592118
299,2.99999999999998,4.620945476095137,-6.384305406842036,2.068600621241256,0.7653372744579927,-0.5093107136436416,-0.24799774646840717,0.30554634843114625,-20.563372940620983,-7.501432511906346,4.52524161681067,-1.1491270355943417,2.191964321788998,0.1877646462185376,-27.60472016025517,31.017009305450927,6.145948386365063,0.0,0.0,0.0,0.0,0.0,0.0,0.0,0.0,0.0,0.0,0.0,0.0,0.0,0.0,0.0,2507.955082058138,2519.4541289138665,2535.594280043414,2485.6538348097724,2508.7296044666186,2518.13657391976,2529.1213331677072,2492.349527524391,43.60194958285108,-1.1284603733805874,3.0187763158466865,0.19122148616514706
300,3.00999999999998,4.41394662059426,-6.457754928240596,2.1141506749199466,0.7649486073760134,-0.5173139512676703,-0.24047304660986907,0.2990194270469662,-20.83515786015728,-7.187137847808166,4.583997981733651,-1.103502018487938,2.3733677920494936,0.19026259227602876,-26.850941571080256,31.803014645296557,5.675234996004086,0.0,0.0,0.0,0.0,0.0,0.0,0.0,0.0,0.0,0.0,0.0,0.0,0.0,0.0,0.0,2488.508472389999,2519.547932694562,2525.2635649472236,2498.5323570599144,2494.0480449134093,2513.2787326498133,2523.668987025264,2500.1331057884563,43.556819823652894,-1.259718368445773,3.589021835306153,0.13340925963232575
301,3.0199999999999796,4.2042654905973,-6.5280179086879215,2.160266897061614,0.7647381616701924,-0.5255170144161957,-0.2319912458387038,0.291868932054422,-21.099859586958882,-6.863850606202394,4.638574533066856,-1.1203523471036338,2.6582102717621856,0.19081980383770955,-26.132728951015594,32.76411161233206,5.273425250674535,0.0,0.0,0.0,0.0,0.0,0.0,0.0,0.0,0.0,0.0,0.0,0.0,0.0,0.0,0.0,2486.8333513092425,2531.2012689665444,2531.3440487360076,2487.493979507683,2493.936417563781,2524.7381845737495,2523.9799986803764,2494.797326627448,43.376545345332225,-1.6204765122009326,3.9923878797492782,0.1075566673161715
302,3.0299999999999794,3.9919772475428923,-6.595000001007035,2.206907609639174,0.7646590280296838,-0.5342751130953952,-0.22219705522013217,0.28368141114832235,-21.356273960045254,-6.530882671858666,4.688813438037591,-1.1903487475822119,3.067854949258764,0.18498037333782055,-25.22548940761382,33.76253539215046,4.81933637153098,0.0,0.0,0.0,0.0,0.0,0.0,0.0,0.0,0.0,0.0,0.0,0.0,0.0,0.0,0.0,2483.1238352757064,2540.7193382239425,2539.0282786322664,2468.761696137184,2491.534184306388,2532.5858601220343,2527.292834943102,2480.624230275608,43.30356597657338,-1.6528371687080354,4.300715101359897,0.12661705728836772
303,3.039999999999979,3.777175622825853,-6.65860297044522,2.2540258142612,0.7644534970308359,-0.5440065166967746,-0.21099655219606375,0.27413174867231604,-21.602157046959086,-6.1879736395622595,4.733891492291436,-1.4017249891091152,3.471325424535025,0.17529423423859103,-24.080985645269948,34.78183188786588,4.25510961715414,0.0,0.0,0.0,0.0,0.0,0.0,0.0,0.0,0.0,0.0,0.0,0.0,0.0,0.0,0.0,2486.7866815488624,2530.1911212016566,2540.0684499521108,2454.478550889604,2490.191604657551,2526.1318942514063,2526.5808969113286,2468.2561849073995,43.126640168382416,-1.28165123521166,4.567434356757504,0.21476134845976877
304,3.049999999999979,3.5599734864517574,-6.718721998714276,2.3015656429390314,0.7639528499885211,-0.5546888800029833,-0.1985068277433335,0.26323246140005396,-21.836203921856356,-5.833850190484936,4.773037991330769,-1.5180776918101337,3.8331234718196,0.16678199317680104,-22.842610439017363,35.95852900958363,3.6334429008961777,0.0,0.0,0.0,0.0,0.0,0.0,0.0,0.0,0.0,0.0,0.0,0.0,0.0,0.0,0.0,2482.582023212317,2525.8757077065015,2533.470641000733,2460.9451612569296,2487.626294367134,2520.2149184587647,2524.4490602698675,2470.5314620900117,42.90701276003755,-1.3519769237596668,5.460892928902397,0.13964247096252286
305,3.0599999999999787,3.3404974999618386,-6.7752420126697155,2.349464022311075,0.7634867049583806,-0.5655647562011215,-0.18464333642661515,0.2512596191356833,-22.056574596217594,-5.468210135211613,4.805526971763615,-1.3982455857128038,4.153675206650117,0.16646300475875378,-21.385636394455787,37.10486313834682,2.9575761022897495,0.0,0.0,0.0,0.0,0.0,0.0,0.0,0.0,0.0,0.0,0.0,0.0,0.0,0.0,0.0,2461.3750962381705,2523.1198720684483,2519.7249631634886,2478.863480173599,2471.1972639049573,2512.4812813711496,2517.1641066114216,2481.6193616010423,42.443716196266365,-1.527800658188674,6.367894506380719,0.11450825379562327
306,3.0699999999999785,3.1188950503876174,-6.828049336880875,2.3976534268852743,0.7632420212478127,-0.5764608593949028,-0.16890354355072004,0.23796236585488406,-22.26111228479066,-5.091290626701948,4.83123112414553,-1.384044358297185,4.732717025178726,0.16314463476369842,-19.694287681385703,38.2479268416418,2.2731451123050306,0.0,0.0,0.0,0.0,0.0,0.0,0.0,0.0,0.0,0.0,0.0,0.0,0.0,0.0,0.0,2443.5461307062865,2538.0271822392465,2529.6715803605744,2445.2637516536897,2458.774611160573,2523.206402758482,2514.7774594616235,2459.837805508413,41.90826760640022,-1.282178542562884,7.496327165683198,0.1472053597825323
307,3.0799999999999783,2.8953403917360254,-6.877034456599828,2.4460632551673753,0.7629954011686818,-0.587882418313966,-0.15061963698301287,0.22258931912351698,-22.44636072893286,-4.703931749502111,4.849442265128893,-1.458293598563843,5.450529846682102,0.15532725148512538,-17.598990615375953,39.271367990410866,1.4823090895532687,0.0,0.0,0.0,0.0,0.0,0.0,0.0,0.0,0.0,0.0,0.0,0.0,0.0,0.0,0.0,2425.0644577782637,2533.262742645097,2532.3185626957006,2412.233077737414,2439.640398707186,2517.9607415247688,2513.0440866203194,2431.4698908857827,41.27789171683895,-1.1867291151246329,8.745529233171796,0.17267106645785898
308,3.089999999999978,2.670045287781037,-6.922096225173051,2.494613934817363,0.7627731030499059,-0.5996922941450441,-0.12913239574416496,0.2046244608448463,-22.608558700072543,-4.3066403821218895,4.859308498885012,-1.3700148752994283,6.350360891246298,0.1498131241214486,-15.116323485006689,40.266632106477296,0.62834653959154,0.0,0.0,0.0,0.0,0.0,0.0,0.0,0.0,0.0,0.0,0.0,0.0,0.0,0.0,0.0,2384.2540395731726,2535.7217258471924,2526.9047983662927,2391.9623339291365,2407.9411142086665,2511.818458556649,2507.944426516076,2410.992706521146,40.260475556829654,-1.197068313357817,9.656153843530076,0.29188274458296554
309,3.099999999999978,2.443261068393996,-6.963137782142757,2.5432197070299973,0.7626214400858349,-0.6115285545959278,-0.10369679629959226,0.1835438380126759,-22.743405386610338,-3.900015240661102,4.860388353786137,-1.2867465109102099,7.402558097292412,0.14748022037897174,-12.167887660073262,41.17416388922379,-0.2699250039261969,0.0,0.0,0.0,0.0,0.0,0.0,0.0,0.0,0.0,0.0,0.0,0.0,0.0,0.0,0.0,2348.2427567853947,2529.1858920622362,2521.688062308829,2364.076538153034,2374.9070114302594,2502.677655891614,2498.9945267098033,2386.9159499380976,39.39382829460799,-1.723279443056834,9.999999999955826,0.36401402360489377
310,3.1099999999999777,2.215287720594563,-7.000078577418661,2.591788408350561,0.7621026448607198,-0.6232046904700383,-0.07414901644774047,0.15911441113950767,-22.8454640064127,-3.4871711640159684,4.851687592997467,-1.2498423028864465,8.387447536495015,0.15497084827377527,-8.65626454201518,41.64706968662512,-1.296902068722794,0.0,0.0,0.0,0.0,0.0,0.0,0.0,0.0,0.0,0.0,0.0,0.0,0.0,0.0,0.0,2315.1591310672866,2485.4927319747912,2499.541632164579,2344.871729848209,2335.979482458438,2462.8129287162415,2478.298355480126,2365.154598614279,38.80691353783898,-2.360618692519195,9.999999999999249,0.4608183463374406
311,3.1199999999999775,1.9864742398608304,-7.032868407672975,2.6402180926281114,0.760195508522195,-0.6348462603668987,-0.04129269043128867,0.1317874358115791,-22.91096264981129,-3.070066322950305,4.832414214487238,-1.4902220611412313,9.087120315606574,0.170203425201502,-4.870037927865667,41.989529038513496,-2.413593196957997,0.0,0.0,0.0,0.0,0.0,0.0,0.0,0.0,0.0,0.0,0.0,0.0,0.0,0.0,0.0,2321.088254044806,2419.0830015041597,2470.9051842362674,2331.583924244729,2326.2345483481513,2411.6504933948295,2451.0540973883158,2349.9829285901506,37.34366691376275,-2.7097156989711992,10.0,0.4953373508334075
312,3.1299999999999772,1.7571965414339004,-7.0614691199546975,2.6883971441905112,0.7557226842372812,-0.6467931273804817,-0.006445625332299113,0.10247111210800026,-22.938110299362798,-2.6495510544803857,4.801271525785513,-1.9148516911588982,9.480766407973583,0.19221926255742314,-0.9756808508853965,42.24111163251498,-3.69130789975447,0.0,0.0,0.0,0.0,0.0,0.0,0.0,0.0,0.0,0.0,0.0,0.0,0.0,0.0,0.0,2334.4682653638733,2357.2741197794917,2446.2877824609145,2333.1279006259447,2329.0305376563765,2361.160768066897,2430.090236143858,2348.1169307188775,37.10192925078153,-3.8709781693122682,10.0,0.4650341743955548
313,3.139999999999977,1.5278451964798894,-7.085882948733593,2.736192970942605,0.7481797011808793,-0.6589197241657525,0.02942232757713006,0.07201568222382398,-22.92558907832789,-2.234582588708322,4.755241231038865,-2.295015597502224,9.704980290279677,0.2158362843012006,3.0022689463109486,41.27181702125293,-5.304143566132069,0.0,0.0,0.0,0.0,0.0,0.0,0.0,0.0,0.0,0.0,0.0,0.0,0.0,0.0,0.0,2303.4448987043475,2297.666510935851,2389.918186592898,2305.844160831672,2296.873170815301,2300.598897266481,2376.656264786485,2314.3621449914344,39.08036731432396,-4.16579337204486,10.0,0.4847249075446578
314,3.149999999999977,1.2988124841810846,-7.1061736970430065,2.783448683793605,0.736820705051071,-0.6716356242682731,0.06572613498701994,0.04099892683324672,-22.874656825226364,-1.8240455508192452,4.693036231585316,-3.0655705999743943,9.831133685987501,0.23315129616924335,6.788046323741526,40.934214771178425,-7.012854031005489,0.0,0.0,0.0,0.0,0.0,0.0,0.0,0.0,0.0,0.0,0.0,0.0,0.0,0.0,0.0,2325.7400056971887,2263.715277301481,2387.673094639397,2280.977223450195,2309.7033823350553,2280.654876604248,2367.6528762734906,2300.348295085907,39.96744090713154,-4.250760562205206,9.999999999999993,0.4407698714729428
315,3.1599999999999766,1.0704811383303798,-7.122321303995689,2.829995353959597,0.7213273871382941,-0.6849544514781316,0.10211755101829331,0.00980845240390193,-22.78502664631673,-1.4036157619773,4.613065484346701,-3.582389179875787,9.90189954545876,0.24611295643035766,10.729281325204454,42.28642237635949,-8.907665342774429,0.0,0.0,0.0,0.0,0.0,0.0,0.0,0.0,0.0,0.0,0.0,0.0,0.0,0.0,0.0,2378.6813370566138,2326.83809703386,2430.9732593945664,2353.3373393876145,2373.076730143832,2339.0256158936127,2423.1564003356525,2366.898032331645,41.72255054894103,-2.757625537490158,9.999999999999993,0.4670045366198127
316,3.1699999999999764,0.8432445516327879,-7.134232716702965,2.8756384657014733,0.7023859864230941,-0.6978794486838441,0.13842839969422804,-0.021348989186515604,-22.65573278090142,-0.9790453286567685,4.511745368917222,-3.8989264720596295,9.941491038392183,0.25294520077057914,14.676542177102903,42.20998374501417,-11.174561451101184,0.0,0.0,0.0,0.0,0.0,0.0,0.0,0.0,0.0,0.0,0.0,0.0,0.0,0.0,0.0,2400.523397918208,2370.4953328465376,2439.484433765517,2393.3795413646503,2398.18480664401,2376.4172496008455,2435.51062478935,2399.691960132447,42.535909753289026,-3.07033806903374,9.999999999999744,0.3839750753387543
317,3.179999999999976,0.6175045266565979,-7.141893389772983,2.9201509563172916,0.6819327939713312,-0.7083553914044026,0.17443514534920412,-0.052656282073195226,-22.48533771061421,-0.553249293390924,4.386844030058538,-3.3304253867303477,9.964237426822553,0.2601229401250803,18.859405233559556,42.30066773938068,-13.524512160005386,0.0,0.0,0.0,0.0,0.0,0.0,0.0,0.0,0.0,0.0,0.0,0.0,0.0,0.0,0.0,2404.989946821792,2465.1738903887117,2443.605563436335,2492.648956780381,2425.5136345493443,2451.000601936373,2462.96776823815,2479.1259694318583,43.971971314636505,-2.486795966271192,9.99999999999913,0.28874203702984813
318,3.189999999999976,0.3936733779544372,-7.145324062053259,2.9632998378153648,0.6607458585046615,-0.7157168977517449,0.20996711528000953,-0.08413110746060386,-22.274364015821984,-0.13518502662078385,4.239243714331416,-3.238277389616261,9.977154782775493,0.26238147770925907,22.813319918217445,41.05627268582857,-15.743961058379163,0.0,0.0,0.0,0.0,0.0,0.0,0.0,0.0,0.0,0.0,0.0,0.0,0.0,0.0,0.0,2453.163911419172,2481.4946591782946,2476.471728632983,2497.6130555294385,2455.7050021751033,2482.2780447028654,2477.962072275425,2498.0352499087653,44.45794114218492,-2.94506677415372,9.999999999999934,0.2399764907949402
319,3.1999999999999758,0.17215489761728275,-7.144633262492918,3.004860374542436,0.6385751711681066,-0.7203435726043026,0.24483946835764386,-0.11567421021835209,-22.022611667807592,0.27088131431368323,4.0692294676323355,-2.877360015827705,9.984697930287224,0.2553692566453286,26.9080148346994,39.75798884346155,-17.948269565203567,0.0,0.0,0.0,0.0,0.0,0.0,0.0,0.0,0.0,0.0,0.0,0.0,0.0,0.0,0.0,2493.979163178947,2536.2556945242377,2501.936969044103,2539.1748285284034,2504.0492514050966,2530.953130468693,2511.281195988455,2533.7224685500914,44.50683505375118,-2.5993050388888124,10.0,0.12045840229105598
320,3.2099999999999755,-0.04665403663408439,-7.139978605825324,3.0446162745210543,0.6151821235750509,-0.7225561415489796,0.27896046141232095,-0.1471211681307848,-21.733346724977974,0.6556827087272469,3.8786723848867855,-2.9340638760440108,9.989143648404005,0.24264646044860255,30.44924896419232,37.22126421727423,-19.92677097898099,0.0,0.0,0.0,0.0,0.0,0.0,0.0,0.0,0.0,0.0,0.0,0.0,0.0,0.0,0.0,2530.277250414197,2536.747433792877,2531.3501549862517,2534.109812720736,2528.1002952526105,2540.345277775255,2529.232972450198,2537.980606666403,44.4467515107802,-2.824406522391777,10.0,0.10901340373003793
321,3.2199999999999753,-0.2624057420070102,-7.13162179770973,3.0823715893233126,0.5903084773939699,-0.722669913466508,0.31222770689756035,-0.17831981587197152,-21.412041651020868,1.0101395252419538,3.6694589562635804,-2.7710921459607967,9.991871081913542,0.22059964469016694,33.442679048242496,33.923937268704904,-21.698342432194817,0.0,0.0,0.0,0.0,0.0,0.0,0.0,0.0,0.0,0.0,0.0,0.0,0.0,0.0,0.0,2533.787981139434,2552.278780337346,2519.4817444873606,2535.109725877516,2537.4758305158252,2548.778149111529,2523.1462238964614,2531.785012019391,44.72249124909494,-2.677417400310124,10.0,0.1291934553985112
322,3.229999999999975,-0.474803567596823,-7.119894125713131,3.11795063355698,0.5640257638610938,-0.7207007510125547,0.3445300852788953,-0.2091993917977932,-21.063281621541403,1.329224491429667,3.4437299082261434,-2.810779668266916,9.993659188944623,0.1962563617526279,36.00266151271825,30.23101878817269,-23.274730463883397,0.0,0.0,0.0,0.0,0.0,0.0,0.0,0.0,0.0,0.0,0.0,0.0,0.0,0.0,0.0,2539.360487660055,2542.572900956822,2525.946284992066,2526.7669750833265,2537.420863098255,2543.4545286605507,2524.856346411463,2528.6322216093795,45.115506867187726,-3.175956581669573,10.0,0.1202220650384482
323,3.239999999999975,-0.683586718501373,-7.105159451699349,3.1511936276176113,0.5362469163694362,-0.7167932242821269,0.37580938953089016,-0.23961223058918169,-20.68939299676565,1.6113971401333242,3.2023669671575172,-2.7477859784585177,9.994892861508685,0.1756418780773468,38.41284405178058,26.477617615787263,-24.792100197312372,0.0,0.0,0.0,0.0,0.0,0.0,0.0,0.0,0.0,0.0,0.0,0.0,0.0,0.0,0.0,2541.001090878813,2549.502742251967,2533.6059134707025,2540.144354879486,2542.303343959329,2547.9476892283283,2535.8802564964194,2539.6469018952553,45.07741675665466,-2.750748192100492,9.781736711119594,0.0999186937426863
324,3.2499999999999747,-0.8885143328098037,-7.087793914900449,3.181948580481782,0.5067044890111401,-0.7112045934113842,0.40611756019359957,-0.2692714511954529,-20.292640271930605,1.8550681848232284,2.9462284966490087,-2.967224723726342,9.99565003630611,0.15693565832878853,40.55699099733445,22.532894060388386,-26.24311474778107,0.0,0.0,0.0,0.0,0.0,0.0,0.0,0.0,0.0,0.0,0.0,0.0,0.0,0.0,0.0,2563.553083796431,2547.016196376158,2557.8560752229555,2539.5147300072144,2558.3178445758385,2552.7057027441774,2553.331397763593,2545.993529401438,44.125457089481955,-1.3318322702130694,8.522921211546812,-0.05701209887427525
325,3.2599999999999745,-1.0893837076788402,-7.06819931851142,3.210074913223083,0.47568769857118015,-0.7039329645721697,0.4352012577954044,-0.2979923825032927,-19.87886755513471,2.0566231450679306,2.677071608245827,-2.853647316873023,9.898215490981999,0.13826871632183815,41.99461966882723,18.19993782688467,-27.43344185682961,0.0,0.0,0.0,0.0,0.0,0.0,0.0,0.0,0.0,0.0,0.0,0.0,0.0,0.0,0.0,2557.4853377375302,2552.3055186196566,2537.2008658037807,2558.985499740504,2557.6458616118093,2551.464859482273,2543.980338849163,2552.9424722650365,44.56379689264493,-1.838443922473226,9.109791070880283,-0.006910450634275471
326,3.2699999999999743,-1.2860748406498785,-7.046816914734515,3.2354661128990085,0.44571444908696217,-0.6944003230864138,0.4615775194311284,-0.3257192268325534,-19.45866722589859,2.2123914263593716,2.400271506145574,-2.108570947623216,9.281585633494444,0.10952644694519308,42.27935532251692,13.624100291928176,-27.932893422102367,0.0,0.0,0.0,0.0,0.0,0.0,0.0,0.0,0.0,0.0,0.0,0.0,0.0,0.0,0.0,2546.713714053291,2530.712630377369,2427.0580971569675,2593.4566964913797,2545.520761667531,2529.231672453243,2463.9565887986637,2557.961272705854,42.22166699645962,0.19379915894152688,5.981357590896842,-0.2300954273799273
327,3.279999999999974,-1.4785230847082733,-7.024086875861506,3.2580575414050394,0.41692880643052954,-0.6829402003292607,0.4853202917874311,-0.3524588877046597,-19.029262323962534,2.326949403188461,2.116938816153223,-2.0123811456704392,9.222808444029626,0.08582542748613994,43.34481307645888,9.636611985706534,-28.595005645899008,0.0,0.0,0.0,0.0,0.0,0.0,0.0,0.0,0.0,0.0,0.0,0.0,0.0,0.0,0.0,2539.6687000137017,2548.852358896396,2507.850773905012,2548.5884819900643,2542.4640475547512,2545.851013951762,2505.1360123222057,2554.0115534521456,43.72136106686085,-0.5012264660719544,7.990631979258733,-0.17939830413372468
328,3.289999999999974,-1.6667305742663316,-7.000432311334914,3.277833028702179,0.3907797349365239,-0.6702454163634881,0.505472608824302,-0.37757081764223893,-18.613275795863398,2.397524938898462,1.8386917026416518,-0.96419130710365,7.805542602269206,0.025703576382692207,41.63181882550404,5.441735302373907,-27.798578367681515,0.0,0.0,0.0,0.0,0.0,0.0,0.0,0.0,0.0,0.0,0.0,0.0,0.0,0.0,0.0,2546.2809798639173,2438.8128108272294,2253.320292893322,2613.732277611698,2526.8681538071455,2451.9244651584468,2345.2348397095257,2548.334586899857,39.223367428011215,1.4785571448795003,1.955509305700594,-0.42328737596196364
329,3.2999999999999736,-1.8507408674476478,-6.976243189165633,3.2948162544310655,0.36783016194705376,-0.6566201729355315,0.522017438640511,-0.4013087517252986,-18.18621556763509,2.4349744136558464,1.5572535370319136,-0.7858199513968425,7.93136100856632,-0.00660327319663488,43.22262574824265,2.2700205046510824,-28.247512088865445,0.0,0.0,0.0,0.0,0.0,0.0,0.0,0.0,0.0,0.0,0.0,0.0,0.0,0.0,0.0,2504.664631843252,2545.1139770653067,2476.44834500601,2513.282512587997,2522.303002015565,2530.317545653695,2461.690645117071,2536.3464741267926,41.84811007302519,0.9958485573207825,5.378689582488458,-0.38704073189745264
330,3.3099999999999734,-2.0306492753113403,-6.951849923955767,3.309075558179907,0.3491446257274989,-0.6435535163682028,0.5343471977710378,-0.4223860486923847,-17.797776643145752,2.4392903732832263,1.2963163113931866,0.25554102864297906,5.310893961269476,-0.10693195361327094,38.9381665771964,-0.6443889868830155,-25.935430478693842,0.0,0.0,0.0,0.0,0.0,0.0,0.0,0.0,0.0,0.0,0.0,0.0,0.0,0.0,0.0,2552.0961165629574,2259.3634416144328,2001.7752872206206,2611.440703572266,2494.34028575892,2314.6204704691754,2170.6191999687962,2523.5388256509564,38.70628167837299,1.1056183990412674,0.541697506012726,-0.31870939558802663
331,3.319999999999973,-2.206614382590646,-6.927528209496843,3.3207246575977636,0.3360483780653658,-0.631750365658641,0.5420277117909995,-0.44064602884903425,-17.390820435954897,2.4215369694658495,1.032672030288121,0.5768918968497484,5.4154821985505,-0.1484955221301985,41.57101607915337,-2.7368937147826955,-26.43935048528645,0.0,0.0,0.0,0.0,0.0,0.0,0.0,0.0,0.0,0.0,0.0,0.0,0.0,0.0,0.0,2454.561744701486,2492.42991679956,2398.070366570701,2463.0503916328016,2487.9285226634493,2466.763907474038,2376.3326971591478,2500.73215582889,39.50119077539634,2.901854773594088,1.5438431353786268,-0.5445907364502411
332,3.329999999999973,-2.3785576291815724,-6.903478487053559,3.3297899782698552,0.32608323734327394,-0.6212839287977945,0.5471053475316487,-0.45645562855942634,-16.99995830702661,2.3859436126029334,0.7823632243718958,0.8252015984354848,3.221090258194891,-0.17328359649381508,38.8438224625709,-4.186976014423305,-24.643101354774654,0.0,0.0,0.0,0.0,0.0,0.0,0.0,0.0,0.0,0.0,0.0,0.0,0.0,0.0,0.0,2525.835471473107,2215.4842353358804,2150.536006052891,2530.1540601747683,2461.5374092317606,2288.0190039275826,2237.7954271816375,2461.3807284922063,39.12098394295141,1.215494485077691,-0.37283099045420864,-0.26058354205037654
333,3.3399999999999728,-2.546595636411278,-6.879850489538179,3.336386887662046,0.3220546024312003,-0.6130587931368919,0.5479844468809132,-0.46920442792778366,-16.606244140127245,2.3379254054885976,0.5378255657223044,1.8438285632796816,2.5362067389857272,-0.2032593421705132,39.66416647353199,-5.241340821843465,-24.174739351979113,0.0,0.0,0.0,0.0,0.0,0.0,0.0,0.0,0.0,0.0,0.0,0.0,0.0,0.0,0.0,2427.2670309422942,2400.1313853692322,2233.0825269901547,2478.2925092079954,2451.715005175575,2380.3323769788985,2263.7440067053726,2453.183256130245,39.3009029256955,2.535747979396392,-0.016731977770580386,-0.4233681676147508
334,3.3499999999999726,-2.710684639446089,-6.856745194319539,3.340578326563399,0.32151903276163146,-0.606531806929618,0.5463938911722326,-0.47978994825275817,-16.21159489396006,2.282234122510596,0.3019099494791982,1.4840530650224275,1.2320990706516937,-0.21424897648369612,39.48466221009994,-5.786736066157427,-23.23104335929965,0.0,0.0,0.0,0.0,0.0,0.0,0.0,0.0,0.0,0.0,0.0,0.0,0.0,0.0,0.0,2487.1135195799,2268.596663219206,2275.7435833508134,2465.0236821149783,2442.41487075386,2317.5018093116987,2297.283631784435,2446.665900068288,39.988128848735094,1.1095520132188188,-1.7068576616921067,-0.21307734348210738
335,3.3599999999999723,-2.870820408758802,-6.834217985996946,3.342448479751305,0.3237628849954593,-0.6020102543240738,0.5429618138128204,-0.4878049986717779,-15.815007517903656,2.2228284759612458,0.07331319652822982,2.025019232702805,0.7052172350952425,-0.23050414752047477,39.79088950754317,-6.025845305398736,-22.518469852236656,0.0,0.0,0.0,0.0,0.0,0.0,0.0,0.0,0.0,0.0,0.0,0.0,0.0,0.0,0.0,2421.904654310819,2372.4523500159553,2293.6425744457015,2436.685561828099,2430.960611401026,2365.019817594111,2313.0503905356168,2418.8300102042695,40.81563105729675,1.870758268089964,-0.5001172090858954,-0.3023504827777334
336,3.369999999999972,-3.026962839028249,-6.812293526293656,3.3420662538242025,0.32810244464332894,-0.5993594550401791,0.5381503071349569,-0.49346861744548914,-15.412188562995853,2.162073046284095,-0.14889730512497465,1.5455792735334366,-0.3727832576418146,-0.23312489371729392,40.5493488285078,-6.037190383238578,-21.981720258275438,0.0,0.0,0.0,0.0,0.0,0.0,0.0,0.0,0.0,0.0,0.0,0.0,0.0,0.0,0.0,2500.312353400293,2294.8578455313905,2336.3216674815317,2467.6925404982726,2461.006878777935,2340.553510528246,2353.495783820548,2455.0246607823074,40.587493845604556,1.1636586839768617,-2.9976832402786036,-0.21989800090327255
337,3.379999999999972,-3.1790331294658576,-6.790971956495273,3.3394829940281117,0.33355064360735803,-0.5983002675471425,0.5326971500670451,-0.49700553750696075,-15.0003868883086,2.102584644790287,-0.36708799769740824,1.7296136258613053,-0.4015798600507212,-0.23696617940022086,41.48396021014378,-5.841981303266408,-21.60210058726436,0.0,0.0,0.0,0.0,0.0,0.0,0.0,0.0,0.0,0.0,0.0,0.0,0.0,0.0,0.0,2434.7399722752357,2427.5344020733605,2409.3706460808507,2433.6346653440696,2451.3050991734153,2414.8952236281325,2407.078926882332,2438.0793968131493,42.949396900872216,1.4290615128443929,-0.5155536286369062,-0.14243261764104442
338,3.3899999999999717,-3.326969075642885,-6.770229410647668,3.334746641312099,0.3402784224440105,-0.5987278458168352,0.5264001865570891,-0.4986365464496252,-14.586630071997508,2.0468146582546325,-0.579250398863326,1.4379251784348408,-1.5773841557889319,-0.23653490196299443,41.4397361287282,-5.309766438630348,-20.985514685574525,0.0,0.0,0.0,0.0,0.0,0.0,0.0,0.0,0.0,0.0,0.0,0.0,0.0,0.0,0.0,2516.794005041798,2316.5318627910406,2345.060899675878,2496.4322324437753,2475.9386411919727,2362.262810423008,2375.1997019188384,2468.795508139184,41.83799763472675,1.0283285314649655,-3.3102267850396703,-0.16565449962127637
339,3.3999999999999715,-3.470703726237434,-6.750019367707956,3.3278974389416955,0.3475735594517334,-0.6002407889392598,0.5197726294754981,-0.49873843817351193,-14.156718960013434,1.995952944202194,-0.7907313020443913,1.4464462431370215,-1.0671564651548755,-0.22877784110038846,43.69109971787921,-4.864374192365295,-21.1052140155501,0.0,0.0,0.0,0.0,0.0,0.0,0.0,0.0,0.0,0.0,0.0,0.0,0.0,0.0,0.0,2449.8635257703095,2508.769095662801,2526.763244013481,2459.156838502488,2481.64440892835,2485.885149824493,2505.9460465609022,2488.691682879034,44.44396122113392,1.3771518322906287,-0.3410204686371343,-0.14793019850787228
340,3.4099999999999713,-3.610114815096819,-6.730287596129651,3.3189522792059365,0.3550817974159223,-0.6023892659860639,0.5130061491421158,-0.4978642187494764,-13.726393577977275,1.9517812453374916,-0.9973247659406013,1.2366026065764095,-2.1031617574516175,-0.22068288421552681,42.897122898326145,-4.027935859342913,-20.437998204821948,0.0,0.0,0.0,0.0,0.0,0.0,0.0,0.0,0.0,0.0,0.0,0.0,0.0,0.0,0.0,2534.038775110674,2369.997263891094,2400.3164230787575,2524.724906002102,2495.148265827738,2411.6163140252247,2430.6750436821894,2493.922563280601,43.21219508920817,0.691552478829031,-3.068356968990739,-0.13895022049439631
341,3.419999999999971,-3.745173957554531,-6.710957913229813,3.3079485661114703,0.36278594980391254,-0.6049537750741826,0.5061018397608456,-0.49626425666075913,-13.281426413155565,1.9152767266005097,-1.2037720960300529,1.310655773228764,-1.2836254779551612,-0.21084703680907452,45.28535845997084,-3.34659645703006,-20.65391336740685,0.0,0.0,0.0,0.0,0.0,0.0,0.0,0.0,0.0,0.0,0.0,0.0,0.0,0.0,0.0,2464.4595839548774,2579.994891948728,2585.685678594581,2481.333285213928,2508.6167967676256,2548.5277179628924,2559.891221787077,2516.692134440153,45.184960207765656,1.6790299837671712,-0.3801429389811988,-0.24988912547348247
342,3.429999999999971,-3.8757581395254515,-6.691956411674053,3.294895012310798,0.36998661969541136,-0.6075143068087574,0.4995480545046071,-0.4944572878517418,-12.83639358629984,1.8864495908348407,-1.4061001577211338,1.0005422614086508,-2.1186793508285207,-0.2000685773160852,44.35132382063678,-2.4819543711045444,-20.05104252855361,0.0,0.0,0.0,0.0,0.0,0.0,0.0,0.0,0.0,0.0,0.0,0.0,0.0,0.0,0.0,2561.203051554254,2421.9992345022615,2462.921859052978,2544.577129220493,2522.439648188821,2463.950044671489,2485.714276831824,2520.0843742448437,44.52571037440164,0.38397545791990395,-2.5047473766441057,-0.1191218694858121
343,3.4399999999999706,-4.00187046488541,-6.673199096582891,3.2798284898354853,0.3773910654056982,-0.6101809906849988,0.49283104119444177,-0.4923136268618085,-12.382689877612282,1.8663454681669405,-1.6074356829944694,1.3307122041525714,-1.3287952349400163,-0.19101606161305743,46.086553647429085,-1.662899943410956,-20.129690929180153,0.0,0.0,0.0,0.0,0.0,0.0,0.0,0.0,0.0,0.0,0.0,0.0,0.0,0.0,0.0,2476.4661199766033,2623.9051115793422,2586.7065291040412,2507.7994438931573,2530.2744944464507,2587.475812739707,2569.5153184646165,2530.469218674077,44.40449031540513,1.4613343499789857,0.005633485808877126,-0.23380744627050082
344,3.4499999999999704,-4.12341400928874,-6.654604222096403,3.2627609036311473,0.38412909646033777,-0.6124431892325984,0.4865752747141984,-0.49051266981798797,-11.92622807369485,1.8539516101768527,-1.805465397610869,0.8482745150725879,-1.882454319166731,-0.18061364324183046,45.638537556003556,-0.8688541145118744,-19.668563042340324,0.0,0.0,0.0,0.0,0.0,0.0,0.0,0.0,0.0,0.0,0.0,0.0,0.0,0.0,0.0,2584.6037598561693,2472.796387194618,2525.538698325932,2556.4067436314235,2548.520911123041,2513.536720198108,2534.9250771809648,2546.269655855687,44.8923036154816,0.7317405241566873,-2.541141769533649,-0.17381482372966944
345,3.45999999999997,-4.2404121263093835,-6.63609196725047,3.243731347049067,0.39034730218237335,-0.614555497062186,0.48073168559217927,-0.4887203404579091,-11.472976355981599,1.8497252465021456,-2.0000303053051485,1.1624479403867054,-1.0252184705888105,-0.17365019707090987,45.46264347129636,-0.11544173957833692,-19.332466129478252,0.0,0.0,0.0,0.0,0.0,0.0,0.0,0.0,0.0,0.0,0.0,0.0,0.0,0.0,0.0,2457.3897776446365,2606.3383623672426,2576.228797024126,2479.1894407665145,2505.50546435061,2568.145296245275,2555.868874640187,2499.3476132871015,44.02560964961219,1.4746702268376395,0.298649567287367,-0.19624268746737805
346,3.46999999999997,-4.352864093500564,-6.617588973323852,3.2227710898227615,0.39637996180817187,-0.6161849115154256,0.474986003263192,-0.4874293563191885,-11.016272849006588,1.8520380455507093,-2.191698700619308,0.9372626265843963,-1.7308235184389091,-0.17010924891312565,45.9122899705271,0.5670100127095345,-19.078131449248303,0.0,0.0,0.0,0.0,0.0,0.0,0.0,0.0,0.0,0.0,0.0,0.0,0.0,0.0,0.0,2598.067599337745,2487.7936782314764,2505.992758801635,2582.9419625561686,2564.7700304817263,2528.193599907033,2529.3407899935783,2562.530986713732,45.119967155677635,0.8417143348060427,-2.2510023267763266,-0.19549075985269596
347,3.47999999999997,-4.460767039429809,-6.599026295397762,3.199913328396424,0.40232301994059516,-0.6175970169630717,0.4692966497287752,-0.48628259974786486,-10.564869270060818,1.861580208565214,-2.3791505582243984,1.204482994570812,-0.8006131515190872,-0.16502820209462082,45.09000804096175,1.2223288158190737,-18.56081123581843,0.0,0.0,0.0,0.0,0.0,0.0,0.0,0.0,0.0,0.0,0.0,0.0,0.0,0.0,0.0,2442.5895017158277,2598.160856954023,2571.6589498865055,2467.0031044538964,2489.8623630503657,2557.633651181771,2545.4579648780127,2492.5879957465154,43.72195319313579,1.6054718840448174,0.6615739685500635,-0.16284078222262627
348,3.4899999999999696,-4.564141391573188,-6.580338885009948,3.1751982034906403,0.4079531067862669,-0.6184169845135179,0.4638348305616751,-0.4857900224237445,-10.108111741840604,1.8769775225329097,-2.5636019903261094,1.0162762828247007,-1.4797717856990162,-0.16349981483566628,46.05344721353255,1.8465135898875218,-18.355984149972304,0.0,0.0,0.0,0.0,0.0,0.0,0.0,0.0,0.0,0.0,0.0,0.0,0.0,0.0,0.0,2602.232154530892,2499.478128463657,2511.0585322094466,2585.0886192966495,2570.87367279247,2539.354545389905,2535.297083861285,2565.153660014003,45.14412926444378,0.7303152559247954,-1.980855238801968,-0.17984369003474762
349,3.4999999999999694,-4.66296995335579,-6.561466655450546,3.1486609392005502,0.4134961068660552,-0.6188749018837493,0.45844556736258896,-0.48563616750669386,-9.658822354157923,1.898310837490406,-2.742917534933229,1.3077754346208423,-0.4992844372882883,-0.15688083758672752,44.75713855054231,2.341415038078054,-17.694297729688557,0.0,0.0,0.0,0.0,0.0,0.0,0.0,0.0,0.0,0.0,0.0,0.0,0.0,0.0,0.0,2426.9873397975125,2593.4017626328764,2567.723158877136,2458.3571386738436,2475.547706706714,2550.5053506096815,2540.378979808859,2484.1288813096635,43.74576059024595,1.790909423915301,0.9348954916602517,-0.10010538861014578
350,3.509999999999969,-4.757297083516522,-6.542357599398503,3.120352459166509,0.418585520146691,-0.6187437013357315,0.45344915161320865,-0.4861339951928321,-9.20413922159413,1.924454367546195,-2.918487907228978,1.0190875669808228,-1.186381513755704,-0.1502932414349485,45.97648322162584,2.882972513257309,-17.463780956484598,0.0,0.0,0.0,0.0,0.0,0.0,0.0,0.0,0.0,0.0,0.0,0.0,0.0,0.0,0.0,2608.8880080678964,2489.7803370860584,2515.8007313896464,2581.808737051199,2574.3778161109276,2536.7772758498177,2537.9559318458582,2564.2806820595583,44.82637603822776,0.34737989328253605,-1.4713951802020597,-0.22006992357731334
351,3.519999999999969,-4.847092655628847,-6.522962499494436,3.0903111645873143,0.4236197177759271,-0.6183164431664264,0.4485411376357395,-0.4868695499514214,-8.756026530576206,1.9552030056892695,-3.0888142468594397,1.4018203983063378,-0.21984977092236252,-0.1359342776537279,44.69285326517003,3.232883795366348,-16.784276590197766,0.0,0.0,0.0,0.0,0.0,0.0,0.0,0.0,0.0,0.0,0.0,0.0,0.0,0.0,0.0,2418.3558282318195,2594.061895285845,2567.699499087184,2466.701643942321,2472.339401836636,2548.5276562932586,2543.3193406330433,2489.108354500516,43.69616624958292,1.9238013446620472,1.2246311499706541,-0.08046631124728582
352,3.5299999999999687,-4.932407394815974,-6.50324297449023,3.058592737285935,0.42790221581326915,-0.6173008788431368,0.4443362090620993,-0.488266988437584,-8.30476782589046,1.9894260979337848,-3.2544436377147035,0.8785546239767237,-0.7970701559601723,-0.12819087888976155,45.59803470292145,3.6246534514778883,-16.45038534944998,0.0,0.0,0.0,0.0,0.0,0.0,0.0,0.0,0.0,0.0,0.0,0.0,0.0,0.0,0.0,2608.566905674182,2478.9266942965432,2521.2063564916602,2551.335386834916,2571.019366080066,2531.675919316737,2532.4621551076316,2542.2360464242383,44.426091490520264,-0.17132618542954803,-0.955719863759473,-0.25114766834269603
353,3.5399999999999685,-5.013224765677946,-6.483165026385936,3.0252406108655836,0.43192692987036385,-0.6160464565019896,0.44040527709728144,-0.48986639258982745,-7.859271255071716,2.026563338643486,-3.415118300141513,1.4035149762553654,0.11489428469641347,-0.11164837972086458,44.54329349103148,3.8114917980456298,-15.83343205992671,0.0,0.0,0.0,0.0,0.0,0.0,0.0,0.0,0.0,0.0,0.0,0.0,0.0,0.0,0.0,2411.8211753885867,2595.1881243157272,2558.602644505146,2472.0739487133787,2470.9945904566166,2547.715702058244,2541.189666685712,2487.6945645172354,43.73524201053173,2.0087252955830444,1.4710685671881034,-0.07498673033514275
354,3.5499999999999683,-5.089593358795117,-6.462707252973187,2.990309206491459,0.4350088962978073,-0.6142632163194469,0.4373843918316202,-0.4920801306705398,-7.41254351892125,2.065416097672106,-3.5706880902932845,0.6224204388931808,-0.3709580603281033,-0.10334054781359155,45.12871360445381,4.00564409112425,-15.448682728263385,0.0,0.0,0.0,0.0,0.0,0.0,0.0,0.0,0.0,0.0,0.0,0.0,0.0,0.0,0.0,2608.177276113888,2461.9260459564603,2522.9897656741127,2519.6225362788628,2566.539473937327,2521.9884563434593,2523.6356220383773,2519.5879673862396,44.42333770021116,-0.17096200694952435,-0.8889184722729917,-0.20610424238224498
355,3.559999999999968,-5.161504985171523,-6.44185387626924,2.9538415979758534,0.43771069550100244,-0.6123664744068295,0.43474729947234897,-0.4943798475545684,-6.969567582734608,2.105441763765757,-3.722151515804458,1.322081323873051,0.44908205214859304,-0.08523367325929933,44.466205650419255,4.043306856963191,-14.948158840965231,0.0,0.0,0.0,0.0,0.0,0.0,0.0,0.0,0.0,0.0,0.0,0.0,0.0,0.0,0.0,2409.166656783743,2598.8199158596663,2546.265747524611,2482.6771980324556,2474.468209229814,2549.752924837203,2537.9882026611685,2489.9589326130863,43.78110214887732,2.0984601086240153,1.690426216901185,-0.05365123291997881
356,3.569999999999968,-5.2289847592682515,-6.420598920109326,2.9158846253607367,0.440046147579765,-0.6099162291005998,0.43255709931861536,-0.497248365818308,-6.5243416427383725,2.145785128164816,-3.8687442310379185,0.579392337299119,-0.1456395722337963,-0.07215677079514353,45.038693322379864,4.108802668001399,-14.547956988937294,0.0,0.0,0.0,0.0,0.0,0.0,0.0,0.0,0.0,0.0,0.0,0.0,0.0,0.0,0.0,2613.72818756247,2450.490952053452,2511.311890816084,2533.2231725389597,2570.2048519054806,2515.9172267365343,2515.212194864304,2530.0069609054767,44.51267084621346,-0.17602385307474755,-0.9205043417569483,-0.12424193211822626
357,3.5799999999999677,-5.292021375381339,-6.398938893689508,2.8764810868072037,0.442292020415079,-0.6074252097714078,0.4305131082962478,-0.5000708417778542,-6.082542792467545,2.1862739949541568,-4.011281750388653,1.33631006479722,0.6672662054558897,-0.050442179885786316,44.42291143821109,4.0567227346755,-14.053358309715769,0.0,0.0,0.0,0.0,0.0,0.0,0.0,0.0,0.0,0.0,0.0,0.0,0.0,0.0,0.0,2404.1625816129717,2604.5329439721004,2542.653142000723,2487.0871361534746,2474.8475057742335,2554.019179669224,2534.678473981094,2493.8978396240204,43.922210591491606,2.156085578398974,1.8393081696326514,-0.02121456767471204
358,3.5899999999999674,-5.3506376808437155,-6.376877053465511,2.8356784276127263,0.44439223029045805,-0.604382532452169,0.4287517068011842,-0.5033977294736705,-5.638400081244162,2.226238047998901,-4.1486950394433695,0.5916409700346814,-0.029326792949093697,-0.028763097156417342,45.028149017986685,4.051522102235694,-13.618819139381344,0.0,0.0,0.0,0.0,0.0,0.0,0.0,0.0,0.0,0.0,0.0,0.0,0.0,0.0,0.0,2622.4731671343034,2435.508768063457,2508.6474041947245,2546.6673990387626,2576.128623467752,2508.9595522603645,2514.894764673951,2541.380481852305,44.69505479308255,-0.15716013613234914,-0.9152659139597699,-0.03912419268894095
359,3.5999999999999672,-5.404817858771657,-6.354416436511781,2.7935214528910164,0.4465322494930399,-0.601444087691328,0.4270404252125296,-0.5064685920944493,-5.196946416589464,2.265888160464844,-4.282005454546361,1.3637895485903753,0.7930932097531813,-0.0022604176070342174,44.47033433911862,3.9597677058780256,-13.12516493735938,0.0,0.0,0.0,0.0,0.0,0.0,0.0,0.0,0.0,0.0,0.0,0.0,0.0,0.0,0.0,2402.82584459873,2611.8895809242777,2545.2890594593714,2490.4721618640074,2479.0697917619864,2560.279409595409,2536.5929491556926,2497.6791890019704,44.10294869638369,2.281973404114914,1.9349404124733467,0.032784628791720755
360,3.609999999999967,-5.454577930345732,-6.331564416090518,2.7500583765004785,0.4486084592567989,-0.5979176113797193,0.42556333290373083,-0.5100400278145631,-4.752546642371194,2.304603745817337,-4.409981059010852,0.6201230996789374,0.04829462597153028,0.025348626941204072,45.12150671755322,3.9142790862327637,-12.656721716989061,0.0,0.0,0.0,0.0,0.0,0.0,0.0,0.0,0.0,0.0,0.0,0.0,0.0,0.0,0.0,2629.6875838950305,2430.543881187406,2512.339300666368,2557.871997678916,2582.0322523727677,2508.531562457445,2519.9277340102076,2551.535227118403,44.67036293267679,-0.23599662621222262,-0.8691079803491597,0.016753874303731302
361,3.619999999999967,-5.49989882542488,-6.308327780400127,2.705336343334916,0.45084469367935115,-0.5945372447834756,0.4240483447460031,-0.5132713980582013,-4.310805747531597,2.3426933297046624,-4.533682982414143,1.433254590708149,0.8728606377170772,0.056708578380789784,44.55678830201126,3.7963479588780658,-12.148380166363104,0.0,0.0,0.0,0.0,0.0,0.0,0.0,0.0,0.0,0.0,0.0,0.0,0.0,0.0,0.0,2401.2858191098762,2620.5766469483606,2548.2808797967714,2497.5181710873303,2482.362493262798,2568.0058797119154,2540.1835425045597,2503.721958207712,44.23507986012525,2.4044595337378047,1.979087381377949,0.08207595293442593
362,3.6299999999999666,-5.540802952668641,-6.284717366795848,2.65940627552906,0.4529975524902123,-0.5905488526053686,0.42280655701313186,-0.5169911850999604,-3.8676257187883345,2.379402124392735,-4.651598826863498,0.6209061002540305,0.12007866003632929,0.08810646142773906,45.0092224487677,3.697442563759701,-11.627756307333037,0.0,0.0,0.0,0.0,0.0,0.0,0.0,0.0,0.0,0.0,0.0,0.0,0.0,0.0,0.0,2634.5311897269803,2421.876417224772,2513.573339332144,2554.948875901761,2584.894568518543,2505.2093765336813,2518.905663980781,2550.114695407546,44.627624256604406,-0.28733604699880866,-0.8155919238082645,0.06823919154478462
363,3.6399999999999664,-5.57727997976158,-6.260743841729446,2.612318507471119,0.4553213645384343,-0.5867892520043037,0.42151991297381197,-0.5202708829961926,-3.4266161590376285,2.4152641289042545,-4.765185718729659,1.4908574294051347,0.9252784701554814,0.12200185794847905,44.57589629986902,3.5712935430756154,-11.124272971708038,0.0,0.0,0.0,0.0,0.0,0.0,0.0,0.0,0.0,0.0,0.0,0.0,0.0,0.0,0.0,2400.653610035231,2627.331692114843,2547.397827958442,2503.312568000761,2486.2211700532594,2574.1143361204695,2541.742792587989,2507.279049096056,44.37419620690559,2.6239633893795458,1.9222028985470048,0.15535892038657687
364,3.649999999999966,-5.609348380996456,-6.2364199063387264,2.56412484437293,0.4575910690111683,-0.5823918768353965,0.42048829080690087,-0.5240417088855159,-2.984794226544609,2.449473258462146,-4.8727250129295925,0.6257336632108681,0.1784046684443551,0.15464364100033381,44.87193538074008,3.432850252341524,-10.567470257204725,0.0,0.0,0.0,0.0,0.0,0.0,0.0,0.0,0.0,0.0,0.0,0.0,0.0,0.0,0.0,2637.1357958264525,2417.0196420541047,2513.439354862478,2550.8592735569787,2586.3565269634346,2503.573427485046,2516.662042888388,2547.6120232238723,44.58321528558304,-0.3243483182981297,-0.7977214173918452,0.12994926203610604
365,3.659999999999966,-5.637002400277705,-6.211758808204707,2.514877836865597,0.4601609132147951,-0.5782541381931309,0.4192884900473955,-0.5273246132370653,-2.5445083849216497,2.482719961185458,-4.975848241172501,1.5990732297165406,0.9260174061521795,0.19149961894174913,44.58884475433411,3.313773681332677,-10.055022811827463,0.0,0.0,0.0,0.0,0.0,0.0,0.0,0.0,0.0,0.0,0.0,0.0,0.0,0.0,0.0,2400.0504458252453,2632.1872370246283,2542.949790245854,2515.889096494975,2489.1384586274307,2578.504753342313,2542.1154327085283,2515.5085997253877,44.404542847744985,2.6438748904951943,1.9664094127204383,0.20875989356816935
366,3.6699999999999657,-5.66025713661028,-6.186773617224332,2.46463118086865,0.46277832325114865,-0.5734612068735341,0.4182570189852687,-0.5310739438247389,-2.1043267411720095,2.514243306729503,-5.0725525667028615,0.6626360494324366,0.19495876658259018,0.22680287450836784,44.70555344588778,3.1595882473043346,-9.4553543367768,0.0,0.0,0.0,0.0,0.0,0.0,0.0,0.0,0.0,0.0,0.0,0.0,0.0,0.0,0.0,2639.5168530161955,2410.803646431888,2514.6145244647128,2546.220162020939,2588.230335786808,2500.6867668317086,2514.378852089176,2545.762860338277,44.567046297727565,-0.3478483692816816,-0.7466495535886573,0.19546785626972824
367,3.6799999999999655,-5.679114297951713,-6.161478242670793,2.4134405601428477,0.46555299469540196,-0.5690074077054453,0.4171918978497134,-0.5342676290727584,-1.6654640491632848,2.544797103661538,-5.16468491355079,1.6276882428851251,0.9507049518432358,0.26368701091717967,44.48539877720425,3.0409192060005807,-8.936412207972033,0.0,0.0,0.0,0.0,0.0,0.0,0.0,0.0,0.0,0.0,0.0,0.0,0.0,0.0,0.0,2400.3279560567335,2634.6580041418847,2544.2258649622827,2513.2922702510614,2490.99546232623,2581.2517704707816,2543.221462532899,2513.2186405220923,44.39783294631401,2.7072811703117217,1.925671964542155,0.2602056472585656
368,3.6899999999999653,-5.6935856146369135,-6.135886092320977,2.3613606824917164,0.46830129131246373,-0.5638883129590027,0.41636275024235664,-0.537927440528878,-1.2267320451712933,2.5735160434560544,-5.250294680330989,0.666749390419262,0.23282799452969777,0.2986613678011309,44.55778851818071,2.8674946866633633,-8.325637112142736,0.0,0.0,0.0,0.0,0.0,0.0,0.0,0.0,0.0,0.0,0.0,0.0,0.0,0.0,0.0,2640.0933046337573,2409.7502211943383,2515.763713152244,2543.202030923114,2588.638785109339,2500.319729586575,2514.778988019852,2543.477257913295,44.55155614046077,-0.3666535397032127,-0.707868027372685,0.26492828210961433
369,3.699999999999965,-5.703674022830854,-6.110012543771435,2.3084480123875566,0.4712372313253985,-0.5591401579079799,0.41545862916141446,-0.5410100582084686,-0.7893082330761834,2.601132010117008,-5.331297051460995,1.66193344593253,0.9531022377385705,0.33382203442717556,44.33903363900748,2.739595195354827,-7.803949729598969,0.0,0.0,0.0,0.0,0.0,0.0,0.0,0.0,0.0,0.0,0.0,0.0,0.0,0.0,0.0,2402.9795558609735,2634.576324129129,2538.7581943856408,2515.4886550272267,2493.3671173596717,2581.4215981364964,2539.7842821244917,2513.397089812611,44.340749767735694,2.897972164401262,1.6767537850364422,0.29301159695221574
370,3.709999999999965,-5.709391730286298,-6.08387195902223,2.2547577807998382,0.4741644083225714,-0.5537481352972168,0.4147589654635935,-0.5445237525604654,-0.3521947042165659,2.626841752889588,-5.40568977488496,0.6729532138739069,0.25285997571971164,0.3681141528804974,44.38943791467431,2.558160149475519,-7.184099519953691,0.0,0.0,0.0,0.0,0.0,0.0,0.0,0.0,0.0,0.0,0.0,0.0,0.0,0.0,0.0,2639.7104744629996,2409.4329125698114,2517.228980999295,2540.704909584826,2588.1880298599294,2499.8926456957893,2514.7722257584664,2542.603197535696,44.55118209554473,-0.3313207013396715,-0.6887114938775576,0.33777850450528046
371,3.7199999999999647,-5.710742854346399,-6.057480264628613,2.200347193909729,0.4774729020180033,-0.5487768416623949,0.4137617775915013,-0.5474164751794321,0.08350585645316372,2.651445831491474,-5.475414979174197,1.7639629980271037,0.8550383489987281,0.39889566834666423,44.12940475785137,2.443420459457446,-6.651797949085214,0.0,0.0,0.0,0.0,0.0,0.0,0.0,0.0,0.0,0.0,0.0,0.0,0.0,0.0,0.0,2410.601145331912,2630.660779046632,2521.7495438709598,2524.269735199859,2498.5807804441665,2578.089994289423,2528.7592982573556,2516.1939797673845,44.18246011015381,3.1622546924810653,1.333735037893121,0.31144438635988364
372,3.7299999999999645,-5.707739934354637,-6.030850054045863,2.145273058065592,0.4809018406506051,-0.543220904291701,0.4127995953637261,-0.5506731906193644,0.5191193790580467,2.6745010168337267,-5.538257243333706,0.7328167757453917,0.20686942446381157,0.4304615449736469,44.21828001082639,2.301619191930726,-6.00211824317487,0.0,0.0,0.0,0.0,0.0,0.0,0.0,0.0,0.0,0.0,0.0,0.0,0.0,0.0,0.0,2636.234050871129,2413.871326717995,2521.8111457026826,2537.0548637493366,2585.023279303042,2501.519501311831,2515.9373112817602,2543.0275417953867,44.559774961809715,-0.3157232315134313,-0.635426758767418,0.4093730095893772
373,3.7399999999999642,-5.700388807629045,-6.003993851830826,2.0895949988646874,0.48487093038450424,-0.5380812626146295,0.411337486098032,-0.5533264933307124,0.9523168051873548,2.6967450654870064,-5.596255882516812,1.9322158537248046,0.6786157405179191,0.45526398682933306,43.79313212572322,2.2265967150993937,-5.4498313042916635,0.0,0.0,0.0,0.0,0.0,0.0,0.0,0.0,0.0,0.0,0.0,0.0,0.0,0.0,0.0,2417.2947160446106,2623.8191257530234,2500.2763283181293,2530.8239515332893,2501.2245218080525,2572.4317727681732,2513.9521558893084,2516.025074414361,43.988468083489884,3.4877977584235595,0.9089128677368876,0.31918346253596924
374,3.749999999999964,-5.688708648734505,-5.976919455254895,2.0333729434172017,0.48899740960272237,-0.5324214722482115,0.4098247517783484,-0.5562846233005994,1.3858641032212007,2.7181423118707047,-5.646866721292191,0.815841441057699,0.13319639066581798,0.483636431357175,44.007547301080585,2.1576952142545736,-4.744630349144963,0.0,0.0,0.0,0.0,0.0,0.0,0.0,0.0,0.0,0.0,0.0,0.0,0.0,0.0,0.0,2630.6586274789483,2419.9071651590075,2532.5837905366543,2528.2888371881163,2580.701405699671,2503.6181292384044,2520.9562395712073,2541.356919248799,44.524709969591285,-0.36345621245196824,-0.5228050409701472,0.468472505253828
375,3.759999999999964,-5.67270370874833,-5.949633181908632,1.9766706620233139,0.49375955130879856,-0.5271453432143177,0.40766301339775096,-0.5586861016047011,1.8159477924533558,2.7392066561051815,-5.692403632966536,2.146227128767543,0.4496307090724862,0.5014720822155426,43.37864108120426,2.137619041498784,-4.173085726667303,0.0,0.0,0.0,0.0,0.0,0.0,0.0,0.0,0.0,0.0,0.0,0.0,0.0,0.0,0.0,2424.837724828704,2614.890906514351,2475.3029418315264,2538.1826396777437,2503.6843948292512,2565.0167379762756,2497.688107169283,2515.075934374673,43.827328580391146,3.835088260236218,0.4228255069079826,0.3275061460680528
376,3.7699999999999636,-5.652402693412128,-5.922136367006942,1.919551799845643,0.4986397517199273,-0.5214363272618624,0.4054378354544879,-0.5613222926254836,2.246497624338107,2.7602940726727105,-5.729927004105701,0.8888150745857519,0.057531455999796206,0.5254580896876081,43.69943399823617,2.1542633002828993,-3.399414289011027,0.0,0.0,0.0,0.0,0.0,0.0,0.0,0.0,0.0,0.0,0.0,0.0,0.0,0.0,0.0,2622.754295528984,2426.366130865517,2547.6549144826813,2511.8559769752324,2574.441352799838,2505.3676739549715,2527.5515812890794,2535.4387396527645,44.4412544889649,-0.42914633901196186,-0.3363303313797482,0.5019712525392581
377,3.7799999999999634,-5.627810902802954,-5.8944281488440655,1.8620846698870963,0.5041436591405279,-0.51607601005811,0.402511161869671,-0.5634620549435679,2.6725545503042234,2.781555331168543,-5.76221389221097,2.3664667591928796,0.194900357269007,0.5340398906753353,42.92570100800486,2.19279746592127,-2.8151891168635146,0.0,0.0,0.0,0.0,0.0,0.0,0.0,0.0,0.0,0.0,0.0,0.0,0.0,0.0,0.0,2434.292390998182,2604.2102009019086,2447.852541530807,2549.6235561098238,2507.2790951701772,2556.159571352253,2483.218241515029,2516.3340698531724,43.697615241762925,4.205149548507697,-0.1440227956139138,0.32728967647693635
378,3.789999999999963,-5.598968509790585,-5.8665032176283045,1.8043357078719573,0.5097629970443306,-0.5103728196122611,0.39943860900038175,-0.5657827051839356,3.0984301050432634,2.8037314184655173,-5.785938427478056,0.9598791724300576,-0.010107110390822172,0.5466578258599227,43.267145631578074,2.2981566726039127,-1.9736434663162328,0.0,0.0,0.0,0.0,0.0,0.0,0.0,0.0,0.0,0.0,0.0,0.0,0.0,0.0,0.0,2610.819035493105,2436.604629432684,2565.6026806814925,2485.545206976567,2564.4223696676863,2508.968037461824,2534.2194096485696,2525.850302682147,44.334109134695346,-0.5067341814158643,-0.10529856499279477,0.5180701239777117
379,3.799999999999963,-5.565890140721365,-5.838353699942472,1.7463766266528025,0.5158575700575684,-0.5049686014295869,0.39571680156059946,-0.567719906245322,3.5182734138535223,2.826509421302074,-5.804428573723417,2.5856767601595942,-0.0734677239333592,0.5365752668004956,42.38886472883596,2.3875126129682123,-1.3834261646206159,0.0,0.0,0.0,0.0,0.0,0.0,0.0,0.0,0.0,0.0,0.0,0.0,0.0,0.0,0.0,2447.1784580948283,2590.2141783516217,2410.0235545688042,2568.850937174767,2512.689280083192,2544.0068060324634,2468.0982921825685,2523.2297908322503,43.56801701146471,4.623397493645603,-0.7537875763191407,0.3187995121461722
380,3.8099999999999627,-5.528628499595811,-5.809968257465498,1.6882754005111154,0.522163958826054,-0.4993599514301394,0.39159087745252225,-0.5697727825254165,3.9370272815080245,2.851086596739078,-5.813904072265919,1.0368082953365596,-0.08479059002172341,0.5293330444038925,42.68813418829742,2.587824713977671,-0.4768787535649466,0.0,0.0,0.0,0.0,0.0,0.0,0.0,0.0,0.0,0.0,0.0,0.0,0.0,0.0,0.0,2594.74284689184,2447.9772950714128,2588.745502371544,2448.221692614,2549.9530908040574,2512.4455153903673,2545.238964351694,2513.6803309238358,44.249729791902,-0.5588633590376846,0.05199682737482947,0.5346062063810343
381,3.8199999999999625,-5.487209728309861,-5.781331767789461,1.6301063270501577,0.5287223602739451,-0.49397385346270317,0.38693053566396507,-0.5716006109272046,4.348222749374591,2.8766976803965347,-5.818239394673781,2.818124585077065,-0.35351957759671754,0.49656762643893304,41.70717535925483,2.7242997712626504,0.11334580391153537,0.0,0.0,0.0,0.0,0.0,0.0,0.0,0.0,0.0,0.0,0.0,0.0,0.0,0.0,0.0,2456.7775096666105,2573.7989498650563,2363.5122007001983,2593.7377445760785,2514.7378045818673,2529.875197009276,2450.5961574621333,2537.5798785075585,43.50346810364809,4.9511871363747195,-1.3646864944576633,0.29987604267590584
382,3.8299999999999623,-5.44169694887142,-5.752426808910141,1.57193865446679,0.5356860821978517,-0.4885378065181436,0.3814592065534887,-0.5734632566063322,4.75780698858209,2.90505467750065,-5.813035164627976,1.1464870744365283,-0.20600229635450637,0.4703007823953138,41.979164914783595,3.0350814837341034,1.0995316305324465,0.0,0.0,0.0,0.0,0.0,0.0,0.0,0.0,0.0,0.0,0.0,0.0,0.0,0.0,0.0,2578.272146955108,2452.797923231695,2614.041817706515,2410.4058313963187,2535.0826752638923,2511.007250637079,2562.6735096766943,2502.7247207680866,44.19831538297186,-0.5635574341985032,0.2707412651133143,0.5246314467207409
383,3.839999999999962,-5.392118590118481,-5.723229289252591,1.51385143857904,0.5426376764577857,-0.48332767775672253,0.3756370269842771,-0.5751830421363296,5.159782116928685,2.9351243850025153,-5.802479358772851,3.019539758187569,-0.6578364670027885,0.4175428618684162,40.97365130466013,3.2370326363602153,1.701342602301814,0.0,0.0,0.0,0.0,0.0,0.0,0.0,0.0,0.0,0.0,0.0,0.0,0.0,0.0,0.0,2467.012648674393,2555.5083628071284,2323.7417625271864,2617.60758282135,2516.578834276237,2515.1655826603833,2436.9306492804467,2556.1221745712496,43.54722599383531,5.115631373458157,-2.004316058620204,0.250191451411987
384,3.849999999999962,-5.338539994522052,-5.693713985350332,1.4559164206343707,0.5500869008181057,-0.4781780489482847,0.3686991160585807,-0.5768978391968238,5.559624176613195,2.968957654401788,-5.7819428954728735,1.2710976287035871,-0.3237509447893919,0.36994283807286116,41.17512994983574,3.6600951442902208,2.7530334560390557,0.0,0.0,0.0,0.0,0.0,0.0,0.0,0.0,0.0,0.0,0.0,0.0,0.0,0.0,0.0,2557.018816553926,2463.5352836911015,2642.138010356183,2368.9071501508874,2518.101580014679,2511.21899673198,2588.7470935659107,2486.837045115966,44.15001096789568,-0.5569764226400373,0.45478176513058255,0.4804145377378199
385,3.8599999999999617,-5.280990153889284,-5.66384738311043,1.398217586490321,0.5572038581044501,-0.4732722583141565,0.3616724377886256,-0.5785587937001451,5.9525328128966315,3.00523334511345,-5.75564686186696,3.144123656693584,-0.9697273055667407,0.2957381730814139,40.2275550880109,3.9315109620425837,3.380177894363179,0.0,0.0,0.0,0.0,0.0,0.0,0.0,0.0,0.0,0.0,0.0,0.0,0.0,0.0,0.0,2485.366581777971,2534.552224089014,2289.473520281204,2641.660653328823,2521.4377577216055,2501.7212004593734,2425.9652570033168,2579.7930799118276,43.619898925076946,5.244861019573817,-2.4083038797641776,0.1938296062131073
386,3.8699999999999615,-5.219533781713414,-5.633596471129551,1.3408288407921625,0.5648443546903227,-0.4686413628616618,0.3532831048780566,-0.5801010048236059,6.34231783265243,3.046222720319327,-5.7193033029191565,1.3651673700958755,-0.45614915830688696,0.22884881268694848,40.26903828513717,4.458194203921462,4.443209284437977,0.0,0.0,0.0,0.0,0.0,0.0,0.0,0.0,0.0,0.0,0.0,0.0,0.0,0.0,0.0,2535.225212306639,2473.779721783134,2667.1630041167523,2331.8907510773984,2502.7933061455406,2508.8099793072115,2614.8571422082678,2471.7486951386586,44.088251001345355,-0.5383411755804497,0.5184923740923959,0.40108851092998865
387,3.8799999999999613,-5.1542065291026,-5.602918976686711,1.2838353154560171,0.5718651834461569,-0.4640989632365499,0.3451203047909057,-0.5817854755026849,6.725587804874065,3.0903511933160237,-5.676960291360994,3.2340434185157863,-1.1999183256175607,0.14425608606301818,39.403479814341225,4.79326156737514,5.097186338764992,0.0,0.0,0.0,0.0,0.0,0.0,0.0,0.0,0.0,0.0,0.0,0.0,0.0,0.0,0.0,2489.8835264287254,2522.0596716251516,2272.2076331106714,2659.495981590166,2518.591799410416,2494.007637689065,2424.656352227333,2599.335013354449,43.82615076248796,5.134428464965408,-2.448018936480098,0.1534603369993031
388,3.889999999999961,-5.085071547730707,-5.571775269624826,1.227312415415755,0.5794122022926692,-0.4599009976943984,0.33545035050262006,-0.5833057813031904,7.104781855052853,3.1398761993024418,-5.624641109895446,1.4425832311210376,-0.5806981902266074,0.06935386697641033,39.257552551757335,5.389226823596438,6.143068601963897,0.0,0.0,0.0,0.0,0.0,0.0,0.0,0.0,0.0,0.0,0.0,0.0,0.0,0.0,0.0,2519.971518540338,2475.4204697684504,2681.9498122695545,2309.0083341112845,2491.1604708495506,2504.4254690795833,2633.1431205090053,2461.294976186042,44.078523932662165,-0.42936734994768955,0.4221555261090635,0.2963829416349832
389,3.899999999999961,-5.012158060524396,-5.540114660092754,1.1713502819007782,0.5860253348504195,-0.45570284795444616,0.32649317872337796,-0.585073863308527,7.480556284930708,3.193499633909228,-5.5651025863561125,3.210834110613696,-1.2822173427625325,-0.006871931392197669,38.67978718813969,5.798496330589931,6.892806467219792,0.0,0.0,0.0,0.0,0.0,0.0,0.0,0.0,0.0,0.0,0.0,0.0,0.0,0.0,0.0,2488.3115771545035,2518.1324788189495,2293.1724091317533,2666.152465844858,2514.8015948414395,2492.4041568351013,2443.768861618595,2609.543637039856,44.186347952788054,4.710682869973429,-2.296838582678056,0.09765225616371401
390,3.9099999999999606,-4.935508121139993,-5.507890565747117,1.1160320754512143,0.5930972517313339,-0.4518139165056443,0.3161258128345956,-0.5866551843291219,7.852265032648916,3.252887292159881,-5.495568200779617,1.481748856850274,-0.6642740208151459,-0.07122926776531732,38.353823623534566,6.407848420582951,7.880832639644453,0.0,0.0,0.0,0.0,0.0,0.0,0.0,0.0,0.0,0.0,0.0,0.0,0.0,0.0,0.0,2514.410964293511,2474.887916352863,2682.22324433888,2320.115709191154,2487.383146017907,2501.9724816480993,2632.9645641298766,2466.653646527926,44.169862588688424,-0.20113932773986853,0.26302429651566683,0.15261948211152965
391,3.9199999999999604,-4.855140242992814,-5.475046408533379,1.0614536104295285,0.5990856596068346,-0.44801410455166985,0.30683639533474355,-0.5884141067940081,8.223879838489314,3.3173200440884463,-5.417332686677248,3.0356481436172604,-1.279822791138345,-0.1268792974387518,38.127267052916025,6.899730587810016,8.755775037612601,0.0,0.0,0.0,0.0,0.0,0.0,0.0,0.0,0.0,0.0,0.0,0.0,0.0,0.0,0.0,2495.9748317927315,2520.115233508364,2343.034354968396,2663.7066661824274,2519.7747646061807,2498.06607096585,2476.2811666260322,2608.5523863876683,44.65808330417757,4.079823255581217,-1.919498489270568,0.03305998415799949
392,3.92999999999996,-4.7710731328183185,-5.441529173060286,1.0077064118231898,0.6054204686653183,-0.44446191884515335,0.29640396554287124,-0.5899697856907683,8.591491501470943,3.387629167085654,-5.329420787451615,1.4799403309330432,-0.7011733834764682,-0.17276535024278392,37.60960238661859,7.475634991307434,9.62078567122493,0.0,0.0,0.0,0.0,0.0,0.0,0.0,0.0,0.0,0.0,0.0,0.0,0.0,0.0,0.0,2516.591511468382,2484.4505792364735,2669.5386546253244,2356.3184260856438,2493.5317444903962,2507.584762680452,2616.4408501634957,2482.9709693983764,44.3831732515884,0.1944079294238028,-0.19276781568140522,0.02834954227545798
393,3.93999999999996,-4.683319731354573,-5.407279413450853,0.9548876455462506,0.6106776919018004,-0.440997801143243,0.2872627848143885,-0.5916703376551817,8.961353911459254,3.463706995862026,-5.23163579746781,2.7529560413021135,-1.1707680278934143,-0.20335159601989816,37.68075534947002,8.034125168630446,10.610791951908283,0.0,0.0,0.0,0.0,0.0,0.0,0.0,0.0,0.0,0.0,0.0,0.0,0.0,0.0,0.0,2508.395428112394,2531.855709641326,2412.5002637684483,2649.5119452050844,2528.9365662787914,2514.012145204672,2515.644700544797,2598.9200306477546,45.15030868578826,3.3060558842949805,-1.3626926054305863,-0.02804886396918642
394,3.9499999999999598,-4.591874867377788,-5.372238662994467,0.9030979798415827,0.6162200306149389,-0.4377850737722222,0.2772419505947106,-0.5930885295481729,9.328325797069537,3.5457055604737113,-5.124221021251519,1.4821515295985908,-0.7843672738005175,-0.21954631033840036,37.03420112395506,8.553781570775687,11.335822588554478,0.0,0.0,0.0,0.0,0.0,0.0,0.0,0.0,0.0,0.0,0.0,0.0,0.0,0.0,0.0,2531.7446331192177,2492.9572473589164,2635.3425793601145,2430.030352875287,2511.6542318901543,2513.6513196277324,2585.0883151087287,2516.00593265688,44.63034800076402,0.6024436358509568,-0.690175501498009,-0.0651447235096389
395,3.9599999999999596,-4.4967477091061685,-5.336346078081465,0.8524335733851206,0.6209662711648511,-0.4346802583716462,0.268329860828959,-0.5945191744974178,9.698372776700161,3.6340855030938957,-5.006374826524881,2.419315824857368,-1.0268836152768743,-0.21934966067945194,37.27149012919817,9.181421605935824,12.398233628399424,0.0,0.0,0.0,0.0,0.0,0.0,0.0,0.0,0.0,0.0,0.0,0.0,0.0,0.0,0.0,2521.3706345330197,2552.6059646283907,2498.3477387723897,2618.651517506722,2539.7747373105917,2538.063096340228,2555.94704549956,2580.290743921426,45.212765957446805,3.029757751948689,-1.291862586822949,-0.13937075684891043
396,3.9699999999999593,-4.397930388468782,-5.29954086894001,0.8029942750270357,0.6258043586924811,-0.4317918598810021,0.25906590627339654,-0.5956589213541097,10.064256718473208,3.7277916164776466,-4.880360205024518,1.47799694851971,-0.8759626564958353,-0.2106438048705312,36.41328247298148,9.597045955852312,12.899538705144487,0.0,0.0,0.0,0.0,0.0,0.0,0.0,0.0,0.0,0.0,0.0,0.0,0.0,0.0,0.0,2551.997931306325,2502.4094068906747,2594.8169397266242,2499.4203856994695,2534.3457450866845,2520.837677505638,2562.3467309711837,2537.608443929242,44.713676472804856,0.7232486057674223,-0.9682940449923358,-0.1359651177160482
397,3.979999999999959,-4.295469708332641,-5.261772666211689,0.7548497682796759,0.6304710312116195,-0.42898896561949224,0.2499712448270598,-0.5966482405398388,10.427996849330327,3.8269507776337597,-4.746868975209048,2.2863168582818214,-1.064880972665071,-0.2061353985105863,36.32743740097233,10.205036649224564,13.78515135766456,0.0,0.0,0.0,0.0,0.0,0.0,0.0,0.0,0.0,0.0,0.0,0.0,0.0,0.0,0.0,2531.9043537427888,2565.2500407316847,2513.958996933895,2600.959556533989,2548.5252534765436,2551.942351836993,2547.626101870218,2573.1842559479715,45.212765957446805,2.7428313913665745,-1.1915818801015219,-0.2158673935783456
398,3.989999999999959,-4.189398020529529,-5.222986347766447,0.7080760612926259,0.6351299968682547,-0.4264584221564989,0.2406637543349227,-0.5973475191204365,10.785030463135968,3.93106207408797,-4.607112767252801,1.4706729103132976,-1.0151237594155875,-0.2005116956974213,35.40349270379117,10.620925083709931,14.183387248373869,0.0,0.0,0.0,0.0,0.0,0.0,0.0,0.0,0.0,0.0,0.0,0.0,0.0,0.0,0.0,2563.8144190412586,2508.327639015494,2578.222289086152,2513.185727207111,2545.932715685835,2526.482047399466,2554.478559754081,2537.814199678853,44.82936388654581,0.8971983917141735,-1.249480404716037,-0.15851078257169257
399,3.9999999999999587,-4.0797785796195605,-5.183132363924986,0.6627291217020376,0.6396420072803705,-0.4240639301658834,0.23144658013054226,-0.5978798927882422,11.138538108988437,4.040804755366844,-4.460906298528241,2.1393591771540583,-1.0989604513446478,-0.2008019133259875,35.203590122099726,11.252761854802174,14.977058561553847,0.0,0.0,0.0,0.0,0.0,0.0,0.0,0.0,0.0,0.0,0.0,0.0,0.0,0.0,0.0,2536.5088104402516,2573.67506423356,2524.1762325876666,2581.7740395830733,2552.946714478716,2560.050446823408,2545.7898594695416,2562.5427760077714,45.212765957446805,2.4089566195658643,-1.048156181894764,-0.23099194147907004
400,4.009999999999959,-3.966654454660819,-5.142154230712395,0.6188748756632249,0.6441381831752044,-0.42189198771138364,0.2219941399424217,-0.5981736817278984,11.484986410528842,4.155625083659125,-4.3092567522808745,1.490444127154688,-1.1648297175820517,-0.1988275568083275,34.336181838142465,11.709398200422605,15.353229232204058,0.0,0.0,0.0,0.0,0.0,0.0,0.0,0.0,0.0,0.0,0.0,0.0,0.0,0.0,0.0,2570.2919341768675,2512.4801759214165,2566.142739391906,2528.7229206201564,2552.2564732082433,2530.4693600611386,2551.0130688893937,2544.1348855899128,44.853215235185566,0.9282038503626628,-1.3656239597737796,-0.14821748173718097
401,4.019999999999959,-3.85009141403004,-5.099999569864027,0.5765633545658172,0.6484492449574064,-0.4198951050971774,0.21268008232281368,-0.5983049891257479,11.827086224534558,4.276382045829031,-4.151876189739993,1.9757985269235645,-1.1121812008660992,-0.20053495049903108,34.02073298029329,12.352967066549425,16.042998740158687,0.0,0.0,0.0,0.0,0.0,0.0,0.0,0.0,0.0,0.0,0.0,0.0,0.0,0.0,0.0,2535.9824705016513,2577.0523522941367,2539.58342584707,2565.301940772874,2552.3318108992444,2563.012262708319,2550.8574771768444,2555.144478127512,45.184515887696676,2.3183020713372615,-1.1221577250140784,-0.22352972319762343
402,4.0299999999999585,-3.73013984953095,-5.056610749745633,0.5358514224755565,0.6526140076601943,-0.4180897541018712,0.20339028796470085,-0.5982710968134536,12.16191920174006,4.402178821346225,-3.9899521503287123,1.4322339657020295,-1.2294993470955713,-0.19786164335346543,33.16900364353792,12.808105142022796,16.349035795272027,0.0,0.0,0.0,0.0,0.0,0.0,0.0,0.0,0.0,0.0,0.0,0.0,0.0,0.0,0.0,2569.923401825502,2512.9835433073554,2561.8528869957718,2536.1539101419935,2552.150977213069,2530.4931379235095,2551.983685476806,2545.9509341072176,44.92498456164336,1.0282194488320173,-1.4092694108122026,-0.15277590732804497
403,4.039999999999958,-3.6068673783728453,-5.011935451503179,0.4967811610241689,0.6567105190116692,-0.4164256702468764,0.19403029341483174,-0.5980578572481248,12.49193510140443,4.533973378953617,-3.82306052835645,1.896230599700245,-1.1784368079549155,-0.19870693493722497,32.79041542106853,13.462191670719825,16.960413416411857,0.0,0.0,0.0,0.0,0.0,0.0,0.0,0.0,0.0,0.0,0.0,0.0,0.0,0.0,0.0,2535.412756274225,2575.325587785888,2538.669243361386,2565.7808155406906,2551.3097427124526,2561.57591302792,2549.013589573541,2556.2519468283226,45.21276595744675,2.1290743771276683,-1.1166074878961791,-0.21229866765523558
404,4.049999999999958,-3.4803266945650626,-4.9659142392627045,0.45940371665117485,0.6607337542379975,-0.4148202067225034,0.1845973274197908,-0.5977281395540381,12.814954454454842,4.671123885950306,-3.651878063180829,1.4427050278351505,-1.2857254343426503,-0.1964384108238638,31.993246987250146,13.95646841280751,17.269561829395652,0.0,0.0,0.0,0.0,0.0,0.0,0.0,0.0,0.0,0.0,0.0,0.0,0.0,0.0,0.0,2567.5727878566477,2520.288566413926,2560.101106659535,2540.9769963313465,2552.2890501944103,2535.3714047210133,2551.9416939546522,2549.141746473869,45.0040627453496,1.1657843637350915,-1.4546969764241162,-0.16752721743212462
405,4.059999999999958,-3.350583849193128,-4.9184918277178635,0.4237593970652905,0.6646465545132989,-0.41333123274901545,0.17518514130218665,-0.597254063087655,13.132875757188822,4.814452905041255,-3.476054033802542,1.803691397877701,-1.2071942059466276,-0.1967668639397609,31.56070272102518,14.615617626589916,17.823905746765067,0.0,0.0,0.0,0.0,0.0,0.0,0.0,0.0,0.0,0.0,0.0,0.0,0.0,0.0,0.0,2537.6699257807004,2573.649303034053,2546.3612674242136,2561.352401912679,2551.305355310076,2561.753420314787,2553.040647542514,2555.2515637727815,45.212765957446805,1.9654112564825152,-1.1288851711354013,-0.2114072716063189
406,4.069999999999958,-3.2176940213670613,-4.869607729817154,0.389895048606362,0.6684975754601669,-0.4118340022035863,0.1657044424459468,-0.5966957214414506,13.443848614360322,4.963237169568506,-3.296306510015691,1.4692691234227409,-1.3227056249694977,-0.19553048381257435,30.78342213743923,15.123539790114826,18.11529056710004,0.0,0.0,0.0,0.0,0.0,0.0,0.0,0.0,0.0,0.0,0.0,0.0,0.0,0.0,0.0,2566.8825949843404,2527.8888947343316,2556.1996236014706,2547.1373157041176,2554.187399171435,2540.3773249919054,2551.5310439190257,2551.626848662268,45.02389198176517,1.136904086882962,-1.49262068006307,-0.1704278855945411
407,4.079999999999957,-3.08172478061401,-4.819206183122074,0.35784727507859737,0.6722444167164069,-0.41043324863553826,0.15622652280129953,-0.5960077735915124,13.749126229368446,5.1181378133954345,-3.1124471838501404,1.7303128731662099,-1.23253972496946,-0.19644731045892644,30.269543058407677,15.766755938118493,18.594538789698856,0.0,0.0,0.0,0.0,0.0,0.0,0.0,0.0,0.0,0.0,0.0,0.0,0.0,0.0,0.0,2540.710704739766,2571.06599352143,2550.7891245910414,2557.227373655902,2551.790815239394,2561.18417661025,2554.298291070184,2554.0803029022104,45.212765957446805,1.8853827206977294,-1.1944086851855173,-0.20966310756271178
408,4.089999999999957,-2.9427366734818747,-4.767227673217841,0.32765671241527555,0.6758553932839434,-0.40913024006157134,0.14679415976144988,-0.5952171105538695,14.047252387818967,5.278433563496852,-2.9252332835059454,1.4228728527177101,-1.3540751769589707,-0.1954843410673092,29.496157862155314,16.27464247117949,18.84128416668629,0.0,0.0,0.0,0.0,0.0,0.0,0.0,0.0,0.0,0.0,0.0,0.0,0.0,0.0,0.0,2567.770044911974,2528.5955964298846,2555.9060244556754,2548.11547186798,2555.6000810567493,2540.5380992449914,2552.2951208123027,2551.5328082842407,45.018556394763365,1.2210772923378435,-1.5568359410504464,-0.17903021405457215
409,4.099999999999957,-2.8007984623027142,-4.713616614682552,0.2993548574196569,0.6793743325061968,-0.40794873539092347,0.13732121144883677,-0.5942821135714331,14.339469036789744,5.44484688464317,-2.7344337239972787,1.6658525430372675,-1.2789379431019596,-0.19640183706355485,28.95303590564957,16.91949255938674,19.262781772771742,0.0,0.0,0.0,0.0,0.0,0.0,0.0,0.0,0.0,0.0,0.0,0.0,0.0,0.0,0.0,2542.384163968068,2569.2785953871285,2550.3542587715992,2557.94906706819,2552.612591025052,2560.1059306191933,2553.9094239106435,2554.7289373444637,45.162495269098706,1.868924928990884,-1.1549758110316068,-0.1977826843257449
410,4.109999999999957,-2.655972894463194,-4.6583133695789565,0.2729768010043016,0.6828252962824082,-0.40679915001881006,0.12776604535812616,-0.5932452308736755,14.62436316714584,5.616675780048628,-2.5408263082788154,1.4327611296096403,-1.408003910517022,-0.1961343402062761,28.16104807773634,17.430220793128726,19.461337608604357,0.0,0.0,0.0,0.0,0.0,0.0,0.0,0.0,0.0,0.0,0.0,0.0,0.0,0.0,0.0,2565.5626525302673,2531.832341609571,2551.198012253431,2551.397157180348,2555.0649130379243,2541.999010903275,2549.455547313256,2552.8482263871006,44.74606652748736,1.7198166362891247,-1.9645726933161596,-0.2422617738734413
411,4.119999999999957,-2.508331831965714,-4.601262336632651,0.2485487384894261,0.6862249617819208,-0.4056261561613653,0.11814499474696827,-0.5921186397010282,14.902833765882352,5.794582749292316,-2.3441708994609556,1.659167467571007,-1.2907667055272598,-0.19635680022405422,27.55771642546989,18.06459203780797,19.827385743438786,0.0,0.0,0.0,0.0,0.0,0.0,0.0,0.0,0.0,0.0,0.0,0.0,0.0,0.0,0.0,2537.1770157235346,2570.0314385282,2552.944172565204,2554.3847197230484,2548.015010615341,2560.040806399532,2554.474918763287,2553.1341875889116,44.77664793633953,2.3736380828604338,-1.4310576228760392,-0.23563589792517897
412,4.129999999999956,-2.357946985923293,-4.542407145189621,0.22609706090033496,0.6898272767127464,-0.4042595202001877,0.10785792881457507,-0.5908292780680562,15.172547686033711,5.977242013389227,-2.1460172673515734,1.6771757639805163,-1.599363671579717,-0.20081604080499083,26.569621517991138,18.506680175316426,19.881661225155334,0.0,0.0,0.0,0.0,0.0,0.0,0.0,0.0,0.0,0.0,0.0,0.0,0.0,0.0,0.0,2563.5365126900715,2527.7380104469858,2514.768185919579,2563.9531954268164,2553.057699621918,2537.552164154467,2524.4755328850565,2553.273725744555,44.2067799232553,2.1481846815516197,-2.724850060559323,-0.309184375819452
413,4.139999999999956,-2.2049084649875446,-4.481696691158356,0.20563635852611267,0.6937703975908448,-0.4025621969288936,0.09656527114388311,-0.5893228838585283,15.433792845227893,6.1659595920968755,-1.9455548230647153,2.02044266725469,-1.5143202986717745,-0.20581324860674846,25.748073694845885,19.167792043496945,20.206258204040537,0.0,0.0,0.0,0.0,0.0,0.0,0.0,0.0,0.0,0.0,0.0,0.0,0.0,0.0,0.0,2524.1165966071744,2566.1457007781946,2528.249618270204,2552.752649258801,2537.108174247926,2553.452014252914,2531.2936111992017,2550.02789386186,44.21789135982568,3.1466052136620366,-1.7584220974796514,-0.2804841164646613
414,4.149999999999956,-2.049310518799329,-4.419073343831061,0.18718703818669996,0.6980623414569423,-0.4007858910142528,0.08391548391295,-0.5873992071523575,15.683802237400807,6.359600701362214,-1.744250066705194,2.066494062310026,-2.064846872245058,-0.2161038567844941,24.49605504179786,19.648664988284104,20.182775907448878,0.0,0.0,0.0,0.0,0.0,0.0,0.0,0.0,0.0,0.0,0.0,0.0,0.0,0.0,0.0,2567.208449990553,2501.2142374007385,2474.950619852876,2564.6031766476226,2549.6499549107016,2518.191273009028,2491.474102540205,2547.2477178905992,43.44651583172234,2.6384329870842254,-3.8064672383682816,-0.38223602422059744
415,4.159999999999956,-1.8912683014938185,-4.354479773611755,0.17075830735024655,0.7028685535587927,-0.398533356008289,0.06959943827971386,-0.5850665592546622,15.922874790057909,6.560484377602582,-1.5408684839187972,2.59882274551858,-1.9106522213365966,-0.22531635353046994,23.419759034498,20.453118754359068,20.519936105438894,0.0,0.0,0.0,0.0,0.0,0.0,0.0,0.0,0.0,0.0,0.0,0.0,0.0,0.0,0.0,2496.8945297024375,2564.9736147047684,2504.5326039059614,2540.3127839108206,2518.586235299452,2544.06862767261,2507.8898882950116,2537.570060616718,43.72201892912649,3.884967114830347,-1.9538730154771533,-0.31225707599552704
416,4.1699999999999555,-1.7309046068786162,-4.287848148789734,0.15636712842790015,0.7080639780322568,-0.3962495550826591,0.05332218866826863,-0.5820553558773908,16.14732203045128,6.766914494254446,-1.3374303136700623,2.591771249682594,-2.7742779364747725,-0.24089730335719903,21.799351368731124,20.997413304957746,20.37302683547626,0.0,0.0,0.0,0.0,0.0,0.0,0.0,0.0,0.0,0.0,0.0,0.0,0.0,0.0,0.0,2571.3027836687256,2459.8244855261805,2426.8158518410564,2560.547380159203,2542.2950960511125,2489.381141939668,2451.6058913628317,2535.362565266196,43.027033647381856,3.083172926847229,-4.568319868829059,-0.42485174918347846
417,4.179999999999955,-1.5683659627600004,-4.219108011113719,0.14401805147880017,0.7137033038038466,-0.39346427806910944,0.03511145574712919,-0.5784294612987362,16.358382800443717,6.983066291957263,-1.131414769667635,3.2311734473385356,-2.380780978166557,-0.2514369275743314,20.529719216789033,22.112704751318546,20.857014299140886,0.0,0.0,0.0,0.0,0.0,0.0,0.0,0.0,0.0,0.0,0.0,0.0,0.0,0.0,0.0,2460.520751383033,2570.829970771552,2500.4241262573228,2513.9768520257808,2496.705132457989,2538.362317348808,2497.0178183705266,2519.1180736555784,43.36776572686974,4.770939980542249,-2.4814823070615772,-0.37668118396668526
418,4.189999999999955,-1.4037979857230483,-4.148167635889427,0.13373592542296464,0.7195562940486565,-0.3903288459226568,0.01515816751768885,-0.5741536046156602,16.552383910725073,7.206490338730608,-0.9248438618886213,3.129864695134477,-3.3814811850839472,-0.2662622940979482,18.66414697108354,22.805819623064494,20.733751627940777,0.0,0.0,0.0,0.0,0.0,0.0,0.0,0.0,0.0,0.0,0.0,0.0,0.0,0.0,0.0,2572.314247746347,2433.578048029127,2407.694996170252,2551.828395493964,2534.718856362657,2475.451598093624,2435.9746702805396,2523.8369781355614,42.94495429692845,3.0827736386366222,-5.145286825029708,-0.4043088822460739
419,4.199999999999955,-1.2373745818229906,-4.074941122740537,0.1255259153953052,0.7257363914691503,-0.38669464938510717,-0.007046322943563564,-0.568967738599686,16.729826970898095,7.441281810407559,-0.7159672061020066,3.9378435017600633,-2.9559916870081016,-0.276373456139045,17.04104050556765,24.10933594222442,21.20027548643588,0.0,0.0,0.0,0.0,0.0,0.0,0.0,0.0,0.0,0.0,0.0,0.0,0.0,0.0,0.0,2438.2327744680006,2574.0297200358186,2481.4725581335315,2506.1761433954453,2486.257559756929,2534.5508698666004,2481.0751446443287,2508.399019553559,42.97893258267024,5.917950138870985,-3.185795203785859,-0.4611523966953795
420,4.209999999999955,-1.069273708545648,-3.999320280127481,0.11941087484463793,0.7317933059878263,-0.38275692017486385,-0.030606953561625384,-0.5630620851765258,16.887337037918943,7.6850238081251385,-0.5064323648591544,3.492348475518928,-3.942476748400896,-0.2802134976324132,14.962179057295799,25.011769022702524,21.134794162560034,0.0,0.0,0.0,0.0,0.0,0.0,0.0,0.0,0.0,0.0,0.0,0.0,0.0,0.0,0.0,2583.7424042587863,2402.7167758635355,2423.8962617525176,2536.8009840646673,2536.733551365566,2463.08337701363,2441.963360280505,2518.7273547183318,43.20629164007155,3.2824853071168647,-5.5075371870777206,-0.4057006638344893
421,4.2199999999999545,-0.8997000958121626,-3.921209789324754,0.11538623120183204,0.7379694526153557,-0.37836771667041125,-0.056583101065885065,-0.55591124351103,17.024279132351218,7.9398599455678545,-0.29742207988481983,4.687236436221447,-3.602376004184297,-0.28456935860746657,12.833841979649208,26.237777415020425,21.232599773729987,0.0,0.0,0.0,0.0,0.0,0.0,0.0,0.0,0.0,0.0,0.0,0.0,0.0,0.0,0.0,2409.292206342532,2582.2447187142784,2443.84829022664,2510.2777897998008,2476.4981935065766,2533.702472153927,2457.2349580438367,2497.5794698533045,42.94578250378824,6.601385668736699,-3.0186400027046774,-0.4108087788395281
422,4.229999999999954,-0.7288677700158241,-3.840491474264502,0.11346172266205244,0.7439427681561156,-0.37316240253112853,-0.0838921081281886,-0.5479608500971765,17.13885819416278,8.206856841472469,-0.08621496098073539,3.9630677180224083,-4.443035935919396,-0.2832463502983392,10.567677604754522,27.555252167749344,21.440957520630896,0.0,0.0,0.0,0.0,0.0,0.0,0.0,0.0,0.0,0.0,0.0,0.0,0.0,0.0,0.0,2592.6629739872974,2399.9525096073967,2450.1497319347973,2524.7599976741812,2542.86030173492,2471.798512061191,2455.345217083731,2520.9711244327686,43.47422903400383,3.5173859518495063,-5.764518912233811,-0.4114191831064646
423,4.239999999999954,-0.5570098169134029,-3.7570538228882637,0.1136325885193229,0.7496550286547853,-0.3673149155410557,-0.11253183041015613,-0.5389189901814557,17.22897692276008,8.483565221767199,0.12129425467392506,5.250006545444635,-3.8375927846365387,-0.26959588132376117,8.000903106111679,28.52217565039794,21.1210040378504,0.0,0.0,0.0,0.0,0.0,0.0,0.0,0.0,0.0,0.0,0.0,0.0,0.0,0.0,0.0,2361.172336114349,2606.8900994772266,2466.5251901654324,2492.740683130326,2451.66360322354,2550.375313177185,2475.816318561674,2482.883951604933,43.18252213032132,6.953033121816034,-2.9391557831010573,-0.3561773887123124
424,4.249999999999954,-0.38437753923213963,-3.6707921309872904,0.11588234880961622,0.7551036370579718,-0.36008920841889686,-0.14175600192412982,-0.5292064769072286,17.293612492689753,8.772312714495689,0.3302979149180389,4.3833061021925905,-4.668490557117739,-0.2557398350220406,5.433510792382634,29.886180883844204,21.341397943546667,0.0,0.0,0.0,0.0,0.0,0.0,0.0,0.0,0.0,0.0,0.0,0.0,0.0,0.0,0.0,2611.409777975192,2387.0920615044565,2462.7959458253204,2522.6872906283843,2557.3066748452225,2477.737037646191,2465.6926022453276,2521.128526474773,43.75471105315241,3.7430497909890645,-5.9582139352431795,-0.424214956675558
425,4.259999999999954,-0.21122946374282078,-3.5815942216359287,0.12020416636123453,0.7599382229865985,-0.3525099647754565,-0.17176645166201834,-0.5183887615114902,17.331663020805756,9.07015383938298,0.534821146749322,5.630186152486329,-3.939575438830852,-0.23288079490755006,2.6249774913651436,30.663714156357713,20.808580726627724,0.0,0.0,0.0,0.0,0.0,0.0,0.0,0.0,0.0,0.0,0.0,0.0,0.0,0.0,0.0,2350.1330045055515,2620.030698253095,2487.8451664423155,2488.204108882583,2451.433634458396,2561.1932105779515,2493.408472767888,2481.911993359363,43.54801166351525,7.157510175554387,-2.8863105211456714,-0.2800282201233867
426,4.269999999999953,-0.03784125193601448,-3.489370644953359,0.12656440537686695,0.7644130871445992,-0.34344771215335645,-0.20190168411876558,-0.5069043412407266,17.341399091324252,9.378024991100888,0.7386508426404567,4.706903592277171,-4.795994494517018,-0.2142064978135929,-0.25122149652290204,31.818464873245134,20.79887956815418,0.0,0.0,0.0,0.0,0.0,0.0,0.0,0.0,0.0,0.0,0.0,0.0,0.0,0.0,0.0,2631.1555416486754,2381.9509256596857,2468.5006081210786,2525.2971173756478,2576.7118791843127,2482.51613468523,2471.4120340457052,2523.202668398322,44.05005713262408,3.9993336681034153,-6.070261175402901,-0.4148394186879203
427,4.279999999999953,0.13550377879117606,-3.3940271289437596,0.13493747770042108,0.7680023139114996,-0.33428884082096766,-0.2325123353596328,-0.49432927349567896,17.322704805088375,9.693384235920814,0.9364206451017847,5.886993604236244,-3.995630252978605,-0.18533193216008273,-3.2238947173972576,32.38836573389037,20.064884244747947,0.0,0.0,0.0,0.0,0.0,0.0,0.0,0.0,0.0,0.0,0.0,0.0,0.0,0.0,0.0,2349.9169893635176,2631.055370540705,2509.439282936891,2491.7305780502006,2456.331414528022,2572.6898121461604,2511.8798109006934,2489.0789255536565,43.92984377572706,7.149611315124428,-2.930344687008766,-0.24660811345859263
428,4.289999999999953,0.3085114828633997,-3.295495832749828,0.14526859786882174,0.7711902342225788,-0.3235961760178293,-0.26293122969707255,-0.4810595659129411,17.27358593940811,10.015887695403421,1.1306765993646073,4.977675505178305,-4.867733870644261,-0.16484425210772605,-6.333475225471119,33.19455961215745,19.717744438664475,0.0,0.0,0.0,0.0,0.0,0.0,0.0,0.0,0.0,0.0,0.0,0.0,0.0,0.0,0.0,2645.3164472115286,2385.762258526105,2473.327130016793,2531.986757404768,2592.3242766075946,2489.7171811818084,2477.3900604130827,2528.0586349927007,44.192844921170206,4.5769037197851725,-5.802193009766855,-0.3710563115480304
429,4.299999999999953,0.4808790022276913,-3.1937079183306274,0.15750785010759022,0.7732371457230465,-0.31307384125237103,-0.29360533733317434,-0.4667815252203479,17.194529965501346,10.343940429749514,1.317091417285958,6.02087598873168,-4.052406600353416,-0.14016007021113283,-9.41276199651142,33.52127308123798,18.7626978076616,0.0,0.0,0.0,0.0,0.0,0.0,0.0,0.0,0.0,0.0,0.0,0.0,0.0,0.0,0.0,2370.185570204089,2636.8223428091287,2526.61501438238,2494.1589824427583,2472.503775251005,2580.4278201490542,2525.3937697044666,2495.6834924649183,44.34792280399097,6.903031650505023,-3.0898484880044736,-0.21863393857753363
430,4.3099999999999525,0.6522972853790178,-3.08861283483828,0.17158348530769926,0.7749247291112137,-0.3008213209520598,-0.3238151829559724,-0.45182067721581765,17.083459334787694,10.676970119076824,1.497858299674333,5.306553965175106,-4.810371256939864,-0.13499901972587522,-12.644307327828841,33.8786377220508,18.032407696628503,0.0,0.0,0.0,0.0,0.0,0.0,0.0,0.0,0.0,0.0,0.0,0.0,0.0,0.0,0.0,2626.4013466818274,2428.7224413924514,2479.340161691837,2536.2874965896485,2576.327953397286,2512.4193689000444,2486.3743011074152,2529.445038478833,44.353974057469216,4.995821838503677,-5.277454342410866,-0.2782336652480852
431,4.319999999999952,0.822447397497169,-2.9801684186375925,0.18742319074307295,0.7754027943716773,-0.2885947330981155,-0.3539988076130008,-0.43606012282390105,16.940878601895882,11.013225446640076,1.6692234664140033,6.087847186422054,-4.0611074968911,-0.12918620169829015,-15.826289659212733,33.99068570792885,16.955427265118004,0.0,0.0,0.0,0.0,0.0,0.0,0.0,0.0,0.0,0.0,0.0,0.0,0.0,0.0,0.0,2421.752594507558,2626.0521687647574,2544.601200938572,2501.2973987662017,2498.355053767886,2576.461410319356,2538.94682379722,2508.639298022497,44.60276003395846,6.778845515734587,-3.230113673627685,-0.18417152915117516
432,4.329999999999952,0.9910084850589331,-2.8683539388417705,0.20493327112528045,0.7753832135804598,-0.2749824325888028,-0.38331445890383664,-0.41980419180904155,16.765817899434584,11.349947754333757,1.8313231670087993,5.523979109370757,-4.617038796339802,-0.13778059357133263,-18.985717295826987,33.75395727404573,15.783295255496599,0.0,0.0,0.0,0.0,0.0,0.0,0.0,0.0,0.0,0.0,0.0,0.0,0.0,0.0,0.0,2597.0338917439976,2473.147998588959,2502.5131973958905,2537.1405575086715,2556.755428146394,2526.8548923941576,2508.8211589363086,2531.16014183995,44.93163936579379,5.240193721991085,-4.641737040723109,-0.23031998074914983
433,4.339999999999952,1.1576630054670154,-2.753180848678625,0.2240024289769354,0.7743034034275805,-0.26103100137218915,-0.4122935213108361,-0.4029033482712809,16.559550057831263,11.684690241010626,1.980774710806789,6.155352003004239,-3.9936072162559757,-0.14307288816541155,-22.12351210379282,33.43355607538534,14.477453192129675,0.0,0.0,0.0,0.0,0.0,0.0,0.0,0.0,0.0,0.0,0.0,0.0,0.0,0.0,0.0,2460.320282309938,2609.930499257258,2551.928672407382,2515.8251167270496,2512.0724268836498,2570.138501466,2546.9557606355206,2522.611254070648,44.70111821427114,6.767975484967376,-3.4088919010134173,-0.1586549211678048
434,4.349999999999952,1.3220912794978887,-2.6346724539640007,0.24451048201653489,0.7726869583808905,-0.24599304446837555,-0.44012106242709953,-0.38566272418955516,16.320805026043065,12.016286393157941,2.1187563167680983,5.670244080740814,-4.308818813875582,-0.15721355567393094,-25.2667869998362,32.93331855182835,13.18859056278665,0.0,0.0,0.0,0.0,0.0,0.0,0.0,0.0,0.0,0.0,0.0,0.0,0.0,0.0,0.0,2585.2950933038164,2516.274318243838,2539.2463761520726,2542.7941637918643,2558.271927418058,2547.863682994727,2540.8515582224823,2542.512693188996,44.9127390325928,5.724708103984214,-4.447914185337275,-0.19965477687485017
435,4.3599999999999515,1.4839860241448757,-2.5128858094900663,0.2663216202878763,0.7701643141178466,-0.2303789700649099,-0.4673972073520639,-0.367848215940638,16.05344668551755,12.33931720572922,2.2407199200700645,6.23571440776667,-3.893930015399562,-0.16771676220497686,-28.016094252027557,31.823035599758853,11.468145679482955,0.0,0.0,0.0,0.0,0.0,0.0,0.0,0.0,0.0,0.0,0.0,0.0,0.0,0.0,0.0,2488.5344752519313,2589.963920012252,2547.142325161555,2535.3430400763373,2518.69898654712,2561.5714030758263,2547.256246834527,2535.642861050627,44.7623779435277,6.742134141287186,-3.496869940807467,-0.15869004677909798
436,4.369999999999951,1.643063391543463,-2.387921790339961,0.2892728685400837,0.7669555670085225,-0.21375540716454924,-0.49395241436678594,-0.34942638206606086,15.757252205917826,12.651683114569598,2.346837851573184,5.953132671401264,-4.161558680205112,-0.17949356310666614,-30.880183067312217,30.72979393895281,9.856695188816822,0.0,0.0,0.0,0.0,0.0,0.0,0.0,0.0,0.0,0.0,0.0,0.0,0.0,0.0,0.0,2570.522395900541,2524.7788266687007,2536.490563949806,2553.09084036374,2552.13663737262,2544.821634078561,2539.972699916537,2550.443800466078,44.907639164798766,5.950879227736484,-4.249622925644847,-0.19937564186640558
437,4.379999999999951,1.7990447741184117,-2.2598972233770125,0.3131968608570961,0.7627918439653956,-0.19654907705685756,-0.5199706154087774,-0.3303749721140911,15.434776797263849,12.950743519786682,2.434862919721213,6.356098256660702,-3.855159289533548,-0.18849690758643028,-33.400089178048376,29.22199304080131,7.975347758340856,0.0,0.0,0.0,0.0,0.0,0.0,0.0,0.0,0.0,0.0,0.0,0.0,0.0,0.0,0.0,2502.4651485330514,2577.7481053390234,2548.904704530689,2540.3777350613914,2523.4381810927794,2557.192467905162,2547.841077201488,2541.7343077442065,44.81701947372328,6.723972141591794,-3.507277323065339,-0.18136700536915623
438,4.389999999999951,1.9516724106768033,-2.1289580068210223,0.33791000696186096,0.7578311888915752,-0.178618274347393,-0.5451551584570558,-0.31079455339501016,15.086534162395044,13.234500037671458,2.5046778042765685,6.1341132206831706,-4.047753141569819,-0.19859998554227992,-35.93593521598493,27.66002311279081,6.128707258187482,0.0,0.0,0.0,0.0,0.0,0.0,0.0,0.0,0.0,0.0,0.0,0.0,0.0,0.0,0.0,2563.221531761968,2529.53071192859,2541.5944438631286,2550.960798650046,2549.2815708047965,2544.413262624501,2543.513432123062,2549.6002331240607,44.28968435173657,5.011353832316357,-3.129894446523556,-0.32850005500820517
439,4.399999999999951,2.100699299472861,-1.9952651326852486,0.3632239106491008,0.7519063985648325,-0.16022280714304854,-0.5696186406206176,-0.29068887857292475,14.71515968133441,13.500972005263236,2.5547548405193705,6.435144184595662,-3.800908685310626,-0.20762353447348897,-38.130774739617124,25.795787274054405,4.108875588854755,0.0,0.0,0.0,0.0,0.0,0.0,0.0,0.0,0.0,0.0,0.0,0.0,0.0,0.0,0.0,2512.200688732692,2571.973381246364,2550.78329273035,2541.064636653903,2528.358163449892,2555.962339135029,2549.6227776320798,2542.505106928846,44.84215765460371,6.762539383471097,-3.4521867806552944,-0.2071992240930443
440,4.40999999999995,2.2459174385647094,-1.859012450427751,0.38893453038923753,0.745569569193914,-0.14202009963367412,-0.5919850452502545,-0.2711273040328048,14.32577286478635,13.74601722349012,2.58398054251813,5.713133366224489,-3.512178124934005,-0.22636562611161648,-39.68568335567291,23.591584466053916,2.033309865016264,0.0,0.0,0.0,0.0,0.0,0.0,0.0,0.0,0.0,0.0,0.0,0.0,0.0,0.0,0.0,2544.33561733218,2530.542465749854,2575.659403059245,2465.93518461599,2532.787763069981,2541.3797990231933,2550.571265459106,2491.3391286641804,43.05314015062031,3.1647686671584228,-1.3548844027434699,-0.5792629022647988
441,4.41999999999995,2.3871480762460804,-1.7204029997354555,0.41484297948312915,0.7387160331825178,-0.12364615434161513,-0.6129479759702915,-0.2516049077214865,13.916826927455306,13.972913139038996,2.5947172025657035,6.264550281291107,-3.497384553652842,-0.23832967279362718,-41.7951603830673,21.833562514775195,0.24285602997231592,0.0,0.0,0.0,0.0,0.0,0.0,0.0,0.0,0.0,0.0,0.0,0.0,0.0,0.0,0.0,2518.8001507212284,2565.3662971923295,2529.201537853837,2561.145444156037,2532.4523656117117,2552.5807072195566,2549.09287724475,2545.2134280764412,44.93613786610747,6.726281456648074,-3.5632995545846327,-0.23605068045632105
442,4.42999999999995,2.524279972721488,-1.5796691823493083,0.44074627752641304,0.7319751203750059,-0.10623320482165986,-0.63113337305295,-0.23366128212461917,13.508096361106102,14.170240595856026,2.5829509729855578,4.753019264271188,-2.5937411254351,-0.30465913905756686,-41.51680931256685,18.950236723773273,-1.8826253027475204,0.0,0.0,0.0,0.0,0.0,0.0,0.0,0.0,0.0,0.0,0.0,0.0,0.0,0.0,0.0,2514.790355195682,2519.6240483554056,2617.7220036733925,2291.195146274567,2499.941007610901,2530.3122010441725,2554.4816733670787,2386.190690572147,42.54317891948032,2.0550244162240645,-0.5755428934888926,-0.7401684753863255
443,4.43999999999995,2.6572594314883076,-1.4370504392570638,0.466454675605082,0.7254325699806702,-0.08927275535531005,-0.6470875659190651,-0.21692312830920216,13.082077192920854,14.352216208767949,2.5568701475952236,5.736452216077162,-2.9944994538489578,-0.35310679442507614,-44.084082749861864,17.769947037301392,-3.15548292604495,0.0,0.0,0.0,0.0,0.0,0.0,0.0,0.0,0.0,0.0,0.0,0.0,0.0,0.0,0.0,2529.996270517982,2545.7989697087246,2449.9308889259532,2620.8872221457414,2542.4477430750308,2534.9108473839487,2537.49520302806,2574.9884176113724,44.415369623502855,6.017002734956989,-2.829031099446207,-0.33666329464054756
444,4.4499999999999496,2.7859857312337826,-1.2927360566094679,0.49181425678040175,0.718617898494023,-0.0730361206696639,-0.6615796320699449,-0.20141110066666307,12.66196914300854,14.507590555123041,2.512616511424938,3.9478059527229368,-1.990496467921984,-0.4505866757309569,-42.786814773654314,14.958058135167818,-4.972464317782865,0.0,0.0,0.0,0.0,0.0,0.0,0.0,0.0,0.0,0.0,0.0,0.0,0.0,0.0,0.0,2504.7363296799035,2504.3510961275847,2619.4012775831957,2224.7375461155257,2487.1079384788763,2516.282290018329,2548.5167412884393,2358.9291617893027,42.616028756051,1.7571552077305235,-0.12499583659919544,-0.7420340877394567
445,4.459999999999949,2.9104478967099316,-1.1469396220169714,0.5166705146536822,0.7126323150129614,-0.05763181509250188,-0.673498286604873,-0.18770672718022563,12.22482451294691,14.650586222288108,2.457086879321626,4.988060154818883,-2.3327528076848116,-0.5010993062231799,-45.161609754289955,13.922955420062166,-6.009988258232735,0.0,0.0,0.0,0.0,0.0,0.0,0.0,0.0,0.0,0.0,0.0,0.0,0.0,0.0,0.0,2506.44818229404,2532.4404593786594,2438.789105361701,2604.5104717224854,2522.103287074537,2518.187041231384,2533.6115141525884,2556.7476827948244,43.74238466475619,4.707176234286887,-1.621012023013154,-0.49047084465463037
446,4.469999999999949,3.0305295373909447,-0.9998090095904426,0.5409066906439575,0.7066445292003961,-0.04256908428962883,-0.6843123885535304,-0.17480828723505965,11.790358764597443,14.772909552083073,2.3882575199094647,3.4043148517088415,-1.4110831677067464,-0.5736114555319295,-44.09975038044678,11.686072729286678,-7.327930293147489,0.0,0.0,0.0,0.0,0.0,0.0,0.0,0.0,0.0,0.0,0.0,0.0,0.0,0.0,0.0,2491.5216974038135,2500.9256999209674,2612.6359039796157,2268.3341082575016,2477.362253221482,2511.1227102111543,2545.466024963874,2386.7327746447268,43.04543583923962,1.5396507068841419,0.23632502111451603,-0.7167858096052109
447,4.479999999999949,3.1462008931694636,-0.8515162751710695,0.5644075003927829,0.7019067392071268,-0.028567159992516283,-0.6926046149708878,-0.16373666097306613,11.34060121073961,14.883906058661552,2.310531992357673,4.111959603208398,-1.5264187129186775,-0.5932213678687976,-45.72483184352727,10.5591713101294,-8.166387504374484,0.0,0.0,0.0,0.0,0.0,0.0,0.0,0.0,0.0,0.0,0.0,0.0,0.0,0.0,0.0,2488.4842658132825,2521.2002217078466,2486.3201699509214,2538.546091718414,2500.206442564628,2510.7918691022282,2538.484663171044,2504.121863037966,43.28563175434789,3.572651947523844,-0.5077115670933394,-0.6608808148762149
448,4.489999999999949,3.257363071422009,-0.7021929427626278,0.5870850017360875,0.697704662554635,-0.015208321753839741,-0.6995499878321632,-0.1536448024600088,10.890870900934226,14.97852355543964,2.2236749128493822,2.835521044250245,-0.7698749021515807,-0.6276551900276894,-45.35460815984926,8.925894175714433,-9.000310300916414,0.0,0.0,0.0,0.0,0.0,0.0,0.0,0.0,0.0,0.0,0.0,0.0,0.0,0.0,0.0,2497.6001878118673,2504.177761355614,2601.8959206611344,2344.82741195055,2487.729677320822,2513.019241254467,2547.619838659075,2423.341760794181,43.26007278515685,1.2507925021028647,0.5555306442477057,-0.7942637804382999
449,4.4999999999999485,3.363992814969138,-0.5519829947617209,0.608861461151273,0.6948918844450755,-0.0028914216132079904,-0.7043142573248848,-0.14511490461810794,10.434074902413224,15.061465713683079,2.130709032905564,3.263185810481745,-0.6837220152561002,-0.6384756122294957,-45.90656688414896,7.727636126949378,-9.546029028891567,0.0,0.0,0.0,0.0,0.0,0.0,0.0,0.0,0.0,0.0,0.0,0.0,0.0,0.0,0.0,2481.427041298438,2522.2469494461193,2501.733752567226,2490.8071024386995,2491.9011528946335,2512.1873929104304,2524.0378655937798,2472.721601153254,43.009044776461515,2.722407913750919,0.5217817239403012,-0.8056502043340272
450,4.509999999999948,3.4660441355982354,-0.40100901136591127,0.6296815192945238,0.6929389131435036,0.008609111534365825,-0.7076736131354252,-0.13769387467110372,9.975573682753751,15.131445428566472,2.032636509569006,2.2486099639021755,-0.13495078491561707,-0.6580004008858817,-46.00620717799053,6.5150340439181775,-9.964855454050348,0.0,0.0,0.0,0.0,0.0,0.0,0.0,0.0,0.0,0.0,0.0,0.0,0.0,0.0,0.0,2512.500694495421,2507.370415414864,2573.2940463515615,2396.0147270855264,2503.758456114249,2516.6634806905768,2534.884522688244,2441.919300881629,43.55405231016355,0.8993487626173695,0.7459505985237211,-0.8936975535470054
451,4.519999999999948,3.563504873285627,-0.24938954862576587,0.6495055799969507,0.6923668876442937,0.01926075968616088,-0.7091951697235355,-0.13152690702237238,9.516655110105575,15.190625731277368,1.9318621309106485,2.5318788302493607,0.1377195204048651,-0.674751384820869,-45.89342589400758,5.419159230365622,-10.157900366619899,0.0,0.0,0.0,0.0,0.0,0.0,0.0,0.0,0.0,0.0,0.0,0.0,0.0,0.0,0.0,2474.448743011855,2531.0832589624383,2503.1701522465305,2459.870190875036,2487.856679561384,2517.168039835788,2510.065971857119,2453.568211335752,42.98673411257385,1.802493360557119,1.3712031585798607,-0.8933808953335992
452,4.529999999999948,3.6563631197218713,-0.09723103904264835,0.6683140875300372,0.6926558604930407,0.029150227412137353,-0.7095072131211881,-0.12640268072897365,9.054107761372734,15.239586640704163,1.8297488656908316,1.7087895566177624,0.4024253219411613,-0.6963150096983063,-46.427433421872166,4.506759800529281,-10.222999166447089,0.0,0.0,0.0,0.0,0.0,0.0,0.0,0.0,0.0,0.0,0.0,0.0,0.0,0.0,0.0,2537.5162254646852,2507.3231290335248,2548.856076012217,2431.865050366171,2524.354573173397,2522.4341709436576,2525.8568477466592,2458.830541427848,43.86995360460619,0.8206070378467858,0.9754464209901337,-0.8854259658072707
453,4.539999999999948,3.7445974332108434,0.05537241437995653,0.6861019804323095,0.6941123905661292,0.03811207846729278,-0.7083359180412616,-0.12253850802959738,8.59342853196598,15.27959966485763,1.7280455254150808,1.7955386636483495,0.8274191473674665,-0.71737068819417,-45.94660674503359,3.5972363416547637,-10.101857790683066,0.0,0.0,0.0,0.0,0.0,0.0,0.0,0.0,0.0,0.0,0.0,0.0,0.0,0.0,0.0,2476.8426057527295,2535.4561016985645,2516.1014648257906,2439.384278962262,2491.336531545924,2519.454504407899,2509.9374152355217,2445.1811199284957,43.550930705590076,1.5408846454864633,1.471972306372398,-0.8585660863920445
454,4.549999999999947,3.8282119406820994,0.20833465553627764,0.7028816166590057,0.6964045684527652,0.046557552194076285,-0.7061082142808652,-0.11943308208742467,8.12827795231205,15.311680273273007,1.6282960148653096,1.3090526294831295,0.8791006826093094,-0.7354896411998312,-46.73566133036111,2.8944673862927317,-9.85881526898491,0.0,0.0,0.0,0.0,0.0,0.0,0.0,0.0,0.0,0.0,0.0,0.0,0.0,0.0,0.0,2543.390960472921,2511.9682460885533,2533.2983309336614,2473.8048875690442,2531.4440210653797,2526.0452025344625,2526.379105389531,2484.276508047103,44.24455245548133,0.8092372233953707,1.1171311437571108,-0.8410025823118467
455,4.559999999999947,3.907166085894792,0.36158194735804716,0.7186773629280516,0.6991835927410839,0.05458253772552376,-0.70320347396072,-0.11690989875407098,7.662956443468018,15.336520821672055,1.531398258494936,1.4486006257003619,1.14356238599879,-0.7492881797215942,-46.45406585499856,2.140970314970403,-9.536588375116839,0.0,0.0,0.0,0.0,0.0,0.0,0.0,0.0,0.0,0.0,0.0,0.0,0.0,0.0,0.0,2495.5365369797646,2538.351388946399,2517.9410798958356,2480.666481978805,2507.3160852200945,2525.561896988857,2515.865419024526,2482.8132479752962,44.17403604033462,1.4494391989927407,1.4696301796493205,-0.810489449688311
456,4.569999999999947,3.981455625189652,0.5150412988461621,0.7335219681928982,0.7023676553613252,0.062374584497471554,-0.6997332319560118,-0.114727904222979,7.194067198038532,15.354246708870974,1.4381819611353086,1.126897074681212,1.1209720817321458,-0.759329442264823,-47.046745740630946,1.477611447217697,-9.143155860926955,0.0,0.0,0.0,0.0,0.0,0.0,0.0,0.0,0.0,0.0,0.0,0.0,0.0,0.0,0.0,2547.0489208732233,2519.554807245557,2535.263519925212,2505.131652781609,2537.4985063907643,2530.7959370410604,2531.837597729216,2511.117053182588,44.56790313325583,0.8761779201172795,1.227087969226876,-0.8015753850982
457,4.579999999999947,4.051046116677007,0.6686449150540602,0.7474543925512143,0.7057122704051654,0.07000282300774462,-0.6959548262034205,-0.11276824045226505,6.724166198137133,15.365316792757964,1.348999779666635,1.3044350377891347,1.2770586944988362,-0.7653091581444856,-46.95719898028905,0.7868988075969696,-8.727229585898888,0.0,0.0,0.0,0.0,0.0,0.0,0.0,0.0,0.0,0.0,0.0,0.0,0.0,0.0,0.0,2513.0539679379476,2545.7892866625957,2529.088776543029,2515.121335529226,2522.854489845606,2535.7563992662567,2529.938879309766,2514.6678517383934,44.75980979509423,1.468559068128816,1.383936764241815,-0.7558984866801354
458,4.589999999999947,4.115930757014406,0.8223240891153197,0.7605167823858373,0.7092358704352216,0.07758444406169726,-0.6918599932556575,-0.11088229732429018,6.252331520523851,15.369389644540979,1.264237893600039,1.086223587025896,1.2468298491219778,-0.7689282994183039,-47.25261282254767,0.10686020625350068,-8.271819921254808,0.0,0.0,0.0,0.0,0.0,0.0,0.0,0.0,0.0,0.0,0.0,0.0,0.0,0.0,0.0,2548.733939208755,2529.341096854031,2542.5317144236446,2525.160722112058,2541.725666878038,2537.4066709856274,2539.9264348446313,2529.1314997989098,44.845421701799225,1.039587944719738,1.3343094672811529,-0.7686539519841045
459,4.599999999999946,4.176087370022873,0.9760107513633425,0.7727543520834128,0.7127315571962651,0.08517060025509855,-0.6876630214284521,-0.10899204185932881,5.778835229870289,15.36678177249966,1.184031768310012,1.2888134983701947,1.3073436637380993,-0.7683338093425836,-47.36631430297855,-0.5825933697369834,-7.817641780239137,0.0,0.0,0.0,0.0,0.0,0.0,0.0,0.0,0.0,0.0,0.0,0.0,0.0,0.0,0.0,2529.7278066336603,2552.883813686912,2540.951526915539,2545.059760295575,2537.2701045412823,2545.8155118683408,2544.9545490158703,2541.9849640683406,45.0626457308845,1.5543690547745999,1.29726155262168,-0.7324510030602117
460,4.609999999999946,4.231506656128534,1.1296352664494866,0.7842124926060102,0.7162705117602393,0.09287250661185016,-0.6832934247426554,-0.10696423328295407,5.305053781796495,15.356918113815128,1.1083578825454279,1.1584526678296745,1.3144837620986702,-0.767254694668744,-47.357230045859566,-1.3074623848403633,-7.361333527854397,0.0,0.0,0.0,0.0,0.0,0.0,0.0,0.0,0.0,0.0,0.0,0.0,0.0,0.0,0.0,2547.97294205034,2541.6625152836505,2551.2164972723704,2538.257592830384,2544.469782010982,2545.610752867895,2548.0031455169774,2541.667592531004,44.98838895012218,1.139388143101685,1.385215845484148,-0.7564121425923895
461,4.619999999999946,4.282185554035865,1.2831253938701597,0.7949369762062091,0.7197130007233552,0.10071473734046277,-0.6788903554717594,-0.10477415482672053,4.83060616774752,15.339861004507028,1.0372890600981088,1.3637926584940416,1.3036267863787685,-0.7638926146062254,-47.45035515795948,-2.0490754132147515,-6.908292479417488,0.0,0.0,0.0,0.0,0.0,0.0,0.0,0.0,0.0,0.0,0.0,0.0,0.0,0.0,0.0,2540.649917629223,2556.1133719672457,2545.346949550399,2560.864927456086,2545.5481579118264,2551.798138753335,2551.330416896836,2555.6931240914823,45.103871692680954,1.5120016432536156,1.3723417804722768,-0.7365477697514896
462,4.629999999999946,4.3281232665151625,1.4364065167966773,0.804972483098966,0.7231019353957325,0.10867886046235196,-0.67440490577453,-0.1024232365374086,4.357237877938201,15.315084835770723,0.9705278116234325,1.2458794599654333,1.3376404637375858,-0.7615348633587786,-47.261692077830375,-2.8193636522999554,-6.480745208583549,0.0,0.0,0.0,0.0,0.0,0.0,0.0,0.0,0.0,0.0,0.0,0.0,0.0,0.0,0.0,2549.61139714333,2547.4619431177716,2556.957365561233,2542.1704810673705,2547.436661634348,2549.745392428241,2552.278119570647,2546.5048840777504,45.06746230647824,1.3485601163142735,1.402785355657027,-0.7334582543323493
463,4.6399999999999455,4.369332333505863,1.5894017888321337,0.8143623603246629,0.7264894469161698,0.11669452889455635,-0.6697743494607048,-0.09998895564013542,3.884662658760672,15.282663114941496,0.9081800108823265,1.3866218076855963,1.348702403231206,-0.7586125262357492,-47.21981597918923,-3.5992407662224224,-6.03952178845879,0.0,0.0,0.0,0.0,0.0,0.0,0.0,0.0,0.0,0.0,0.0,0.0,0.0,0.0,0.0,2543.7575248201388,2557.0131463905736,2550.8820638165967,2556.683160759516,2547.4500708446612,2553.6698031976753,2554.4752773144924,2553.445526524389,45.06291100985943,1.559116888964246,1.3997623736944722,-0.7395591749424459
464,4.649999999999945,4.405821837234767,1.7420329346976018,0.8231502098816983,0.7298220657960443,0.12489624107614056,-0.6650462664293791,-0.0973352184493805,3.4135543789341423,15.242220745324923,0.8500926312986873,1.3641122533365808,1.3695477919702448,-0.7551029382152379,-47.02793650912928,-4.406931891610455,-5.618381322010757,0.0,0.0,0.0,0.0,0.0,0.0,0.0,0.0,0.0,0.0,0.0,0.0,0.0,0.0,0.0,2547.5534354657643,2551.5282621830415,2555.736893442433,2550.253577335853,2547.2303037830534,2551.891977707132,2554.289554052034,2551.5085522482896,45.08298787698139,1.3992703033929477,1.4476604318365198,-0.7340410653529836
465,4.659999999999945,4.437609586467008,1.894219194459751,0.8313782748941196,0.733100773628973,0.13323464744223487,-0.6602117319173618,-0.0945105997453314,2.9443075550320135,15.193648657622637,0.7962115103344802,1.465012675059495,1.3790168046075153,-0.7522772971225947,-46.83995960122633,-5.233629168607479,-5.202764462707066,0.0,0.0,0.0,0.0,0.0,0.0,0.0,0.0,0.0,0.0,0.0,0.0,0.0,0.0,0.0,2544.530081333879,2555.537471734036,2550.0141732584366,2554.3234014914683,2546.984543453119,2553.247687893438,2552.1090391447065,2552.0642796605293,45.06845101444837,1.625568630654581,1.4141941718718327,-0.7317067134051793
466,4.669999999999945,4.464713907351806,2.0458776737549864,0.8390880926512989,0.7363364533863463,0.14167086603406429,-0.6552530876755535,-0.09154990018142381,2.476864673653923,15.136635901025238,0.7464372519128245,1.4309414215710385,1.4062246838648012,-0.7495199770676143,-46.65768925618829,-6.081211449933122,-4.791985440379287,0.0,0.0,0.0,0.0,0.0,0.0,0.0,0.0,0.0,0.0,0.0,0.0,0.0,0.0,0.0,2548.885152873769,2551.9255921390895,2557.091395071557,2548.64939627163,2548.5276707557077,2552.4210673667626,2555.1988711017366,2550.5307374001263,45.08852049554969,1.4786396748676738,1.4610184047683754,-0.7287292945378305
467,4.679999999999945,4.487154186176808,2.1969237432180346,0.8463206552146383,0.7395072719282296,0.1502194729988673,-0.6501853647215581,-0.08844261528869923,2.0115771626578955,15.071141197937427,0.7007406480115472,1.5322681068617146,1.40533978539808,-0.7466881499175273,-46.424816186477976,-6.940500823505502,-4.39160495996338,0.0,0.0,0.0,0.0,0.0,0.0,0.0,0.0,0.0,0.0,0.0,0.0,0.0,0.0,0.0,2545.3431878185957,2554.7747372200715,2549.762431022815,2555.1910420815925,2547.505752595843,2552.693756431687,2552.3649155917365,2552.469282388051,45.03820791071017,1.6947110528568636,1.4324166671780718,-0.7295963633293402
468,4.689999999999944,4.504952726009512,2.347271169867154,0.8531159708787021,0.7425959683306006,0.15887204336911623,-0.6450216320169156,-0.08519387234475197,1.5485054551271287,14.996877614995823,0.6589749614496759,1.5041072602038803,1.4269574552211002,-0.7438289270643875,-46.20259523229975,-7.8212153407761775,-4.000237015234109,0.0,0.0,0.0,0.0,0.0,0.0,0.0,0.0,0.0,0.0,0.0,0.0,0.0,0.0,0.0,2549.213672119194,2551.9504666879798,2556.4934659687215,2549.52648973777,2548.941859351866,2552.377538018878,2554.850420283349,2551.1359605528087,45.11490311482802,1.5573457931209596,1.4546058394271222,-0.7266668586531236
469,4.699999999999944,4.51813389906111,2.496832178400877,0.8595129482066709,0.7455977149578571,0.1676404250522129,-0.6397578763684599,-0.08179605713269027,1.0882322208652764,14.91384258950652,0.6210415471371752,1.6031634895716103,1.424911303640293,-0.7412205337475603,-45.895782253544844,-8.706991035696277,-3.626826997408794,0.0,0.0,0.0,0.0,0.0,0.0,0.0,0.0,0.0,0.0,0.0,0.0,0.0,0.0,0.0,2544.904498522985,2554.1003300076613,2548.6867137653335,2554.1543428164427,2546.9715441700123,2552.0296606066863,2551.1295832366122,2551.4788416711485,45.058896909555,1.742614735089311,1.4680576898455544,-0.7216399260602188
470,4.709999999999944,4.526724789386014,2.6455174792542864,0.8655492369174174,0.7484872402878527,0.17651247812292514,-0.6344173456711796,-0.0782612784505424,0.630316440609563,14.821688309591474,0.5868348197262712,1.5789964700033685,1.4346943777252739,-0.7386763679148481,-45.68182355182571,-9.62617523715359,-3.254728429483933,0.0,0.0,0.0,0.0,0.0,0.0,0.0,0.0,0.0,0.0,0.0,0.0,0.0,0.0,0.0,2550.7847604679578,2552.208151532756,2555.943230153949,2550.9391020474245,2550.3289898177586,2552.9581183873547,2554.814331880667,2552.1917469580762,45.12899927008652,1.6035492564327996,1.47083769825975,-0.7232427267614397
471,4.719999999999944,4.530750969676777,2.793235862732254,0.8712615144779007,0.7512847514485755,0.1854793399233895,-0.6289707708694977,-0.0745949468413613,0.17549900662643617,14.720465811739802,0.5561960757654051,1.6645297053944157,1.4454356857269837,-0.7359012250028384,-45.329725195555085,-10.536748958225317,-2.9090782936458393,0.0,0.0,0.0,0.0,0.0,0.0,0.0,0.0,0.0,0.0,0.0,0.0,0.0,0.0,0.0,2545.026540862122,2554.7850952869344,2550.9583335430584,2553.443106299762,2547.224342853489,2552.5429797845754,2552.5856123612252,2551.598893985177,45.06880662410239,1.7955105129687876,1.5008783751151444,-0.7142889506504368
472,4.729999999999944,4.530243890013582,2.9398954190244995,0.8766847979075234,0.7539890700835322,0.19451122895113424,-0.6234183523572074,-0.07081964381945634,-0.27645955051098003,14.609877436299708,0.5290407865639924,1.6335255617467115,1.4526916192926842,-0.7333643648597294,-45.06407288398917,-11.479566872193203,-2.560034915352838,0.0,0.0,0.0,0.0,0.0,0.0,0.0,0.0,0.0,0.0,0.0,0.0,0.0,0.0,0.0,2551.8425143439995,2552.225040780432,2556.622890934663,2550.8164302018017,2551.0993267566123,2553.2743234581035,2555.5152236950953,2551.9991634323346,45.14140361347062,1.6581303293313812,1.4732085836106024,-0.7194354153001841
473,4.739999999999943,4.525234175434343,3.085402737737673,0.8818533860104393,0.7566018543629971,0.20362176978802357,-0.6177483362634942,-0.06692385140256221,-0.7248219850157094,14.490036094466904,0.5052124593989834,1.7185706491797146,1.4701614033332904,-0.7304378737100038,-44.662360476293685,-12.406421475825269,-2.238498537309841,0.0,0.0,0.0,0.0,0.0,0.0,0.0,0.0,0.0,0.0,0.0,0.0,0.0,0.0,0.0,2544.7890546486146,2555.3209663638486,2551.951662072539,2553.2950828719822,2547.218804278917,2552.818967536393,2553.4123755980045,2551.622900964837,45.08767450884817,1.8384959256247029,1.5395163346813463,-0.7053032555559263
474,4.749999999999943,4.515758122865144,3.2296640754473263,0.8867999615440403,0.7591088130969276,0.21279327532867173,-0.6119752578542653,-0.06292150369846274,-1.1698566730593263,14.360629713387333,0.48464429508820966,1.687827310231402,1.4670516401869813,-0.7279131683543866,-44.35093311780802,-13.36992020324601,-1.9122135537504303,0.0,0.0,0.0,0.0,0.0,0.0,0.0,0.0,0.0,0.0,0.0,0.0,0.0,0.0,0.0,2552.9758117224096,2552.0136798267517,2556.163275113996,2551.7462962575346,2551.903569319318,2553.423372769235,2555.431265381092,2552.533942644988,45.15614353872026,1.71051146951521,1.4594184714768237,-0.7167266382194287
475,4.759999999999943,4.501850807072353,3.372584118207609,0.8915564855738788,0.7615181589950725,0.2220296344396472,-0.6060813302726857,-0.05880778899298834,-1.6108745598562961,14.221804620540349,0.46715559411594393,1.7672746222455913,1.4957245274799433,-0.7247127294169765,-43.90784447034002,-14.311225620355472,-1.615188291074987,0.0,0.0,0.0,0.0,0.0,0.0,0.0,0.0,0.0,0.0,0.0,0.0,0.0,0.0,0.0,2544.579007763614,2556.0985439861083,2553.7410064845967,2553.0361287786127,2547.292117499866,2553.312445927655,2554.6678932293007,2551.9350922549133,45.08574895884694,1.9030596265689015,1.5611052909340326,-0.6990215218218362
476,4.769999999999943,4.483553023348043,3.514067596702262,0.8961532107684606,0.7638074678245962,0.2313160333678882,-0.6000918625558161,-0.05459671507165969,-2.048062988687075,14.073266230002083,0.45268763046744276,1.7386134194051743,1.4744204355581727,-0.7222595357406866,-43.5434109875783,-15.28892316865793,-1.3145464082638947,0.0,0.0,0.0,0.0,0.0,0.0,0.0,0.0,0.0,0.0,0.0,0.0,0.0,0.0,0.0,2554.771862976242,2551.468883634244,2555.124804363937,2553.220974321221,2553.1523406907336,2553.4592398649384,2555.0654576774145,2553.2833591301933,45.173265143964585,1.7392452645415597,1.4533839268162252,-0.7143951457409344
477,4.7799999999999425,4.46090536441709,3.6540180448875375,0.900619362730107,0.7659666430080224,0.24067914217193961,-0.5940047015543813,-0.050269939861617825,-2.480634345991012,13.91524020167999,0.44098177467510646,1.8247713047645029,1.510045601808981,-0.7190518987045724,-43.0370372873452,-16.23471041498803,-1.0515759619236786,0.0,0.0,0.0,0.0,0.0,0.0,0.0,0.0,0.0,0.0,0.0,0.0,0.0,0.0,0.0,2543.768208075924,2556.7626531319365,2553.8060763844733,2552.9827953960785,2546.9643460797,2553.43474531527,2554.54013555411,2552.0498192309374,45.076598704591575,1.9713891102526093,1.5967350580958322,-0.6911357081071208
478,4.789999999999942,4.433954067656099,3.792339275511611,0.9049820507966978,0.7680013916415507,0.2500730460613073,-0.5878214990154698,-0.04586086965449799,-2.908945800974552,13.74735584887275,0.4320082331232018,1.7815456031030434,1.4791814311787566,-0.7167888480941986,-42.63785657679397,-17.22874650267947,-0.7780133464251882,0.0,0.0,0.0,0.0,0.0,0.0,0.0,0.0,0.0,0.0,0.0,0.0,0.0,0.0,0.0,2556.6827278469996,2550.929200109121,2555.3668477889364,2553.4345095804038,2554.3975605506225,2553.6629321202577,2555.264780913883,2553.5716203264983,45.19676072284436,1.7579641392940415,1.4352698427993473,-0.7132623890963716
479,4.799999999999942,4.4027444148486445,3.928933857954514,0.9092674831265452,0.7699038358456259,0.2595396436431512,-0.58153113676563,-0.0413375604003425,-3.332035955590638,13.56998270515108,0.42545819068961194,1.8810044284709553,1.5289333650502968,-0.7134441576199927,-42.06027379578669,-18.169717604882507,-0.5511897520796283,0.0,0.0,0.0,0.0,0.0,0.0,0.0,0.0,0.0,0.0,0.0,0.0,0.0,0.0,0.0,2541.914248631838,2557.82679003451,2554.2395052705524,2552.4193018357296,2545.9269569865082,2553.6018507241633,2554.8228178320373,2551.599070879693,45.065275835053825,2.037694080949536,1.636288097861343,-0.6825744977118468
480,4.809999999999942,4.367328226075388,4.063705241968788,0.9134995530999391,0.7716775630321202,0.2690197939944737,-0.5751451348740335,-0.03674456398855403,-3.750476571845655,13.38261767814434,0.4213659700206692,1.818539746242658,1.4808774292357867,-0.7113952178045749,-41.635539697089996,-19.181408693613733,-0.30229013562627083,0.0,0.0,0.0,0.0,0.0,0.0,0.0,0.0,0.0,0.0,0.0,0.0,0.0,0.0,0.0,2559.5036027761844,2549.944965817646,2555.3221943050107,2554.1052101581017,2556.1763641591983,2553.8642500952724,2555.3799656202696,2554.1326556445883,45.21008219539374,1.788396206003862,1.4238047214937948,-0.7099482808143105
481,4.819999999999942,4.327755111013565,4.196555298088016,0.9177015182748346,0.7733108300418945,0.27856378027114176,-0.5686525178285561,-0.03204519352744041,-4.163074424534465,13.185837271687888,0.4193435942747397,1.9334574279975711,1.5482137123666428,-0.7078841227049367,-40.98060811229143,-20.106990841558314,-0.11452363278202649,0.0,0.0,0.0,0.0,0.0,0.0,0.0,0.0,0.0,0.0,0.0,0.0,0.0,0.0,0.0,2539.7076599915817,2559.0291307306547,2554.802084425188,2551.725265500083,2544.7459046684116,2553.678027021835,2555.126574506794,2551.1150111386614,45.05762159006414,2.1068497667194928,1.6595029662318612,-0.6748430207634721
482,4.8299999999999415,4.284083078209039,4.327387950659734,0.9218938255115592,0.7748142940312283,0.28812286796085756,-0.5620537131351049,-0.027269878509834238,-4.570546287314425,12.978996882364735,0.4194828091006068,1.8593190661686314,1.4856099122204407,-0.7058510054759936,-40.52050815569519,-21.1321246265328,0.1077698646791414,0.0,0.0,0.0,0.0,0.0,0.0,0.0,0.0,0.0,0.0,0.0,0.0,0.0,0.0,0.0,2561.2903348555446,2549.131995393096,2555.0029789504583,2554.8069378656623,2557.1530344204534,2553.9807822345238,2555.3324631955975,2554.5925000077004,45.21276595739998,1.8270491828593345,1.4240992167444706,-0.7047245927423234
483,4.839999999999941,4.236366404482281,4.4561047124751365,0.9260966664508198,0.7761564510742625,0.29774871961224386,-0.5553607185953203,-0.022390526263688676,-4.971609625694523,12.762821177379719,0.4213373677951971,1.9888612857286325,1.5617540357660802,-0.7021810781980345,-39.79962732158526,-22.042494426710135,0.2562432052388708,0.0,0.0,0.0,0.0,0.0,0.0,0.0,0.0,0.0,0.0,0.0,0.0,0.0,0.0,0.0,2538.2400129310035,2559.798761358277,2554.7257134721535,2551.7121188303754,2543.9850861413624,2553.691498615919,2555.040527808573,2551.079871561674,45.055353034111334,2.166690299199505,1.6802116856253988,-0.6682139695321967
484,4.849999999999941,4.184668993888807,4.5826101880760515,0.9303268505983526,0.7773631985449116,0.30739432655379756,-0.5485539879768819,-0.017427215073564838,-5.3670053422225745,12.536567674370014,0.42501016124,1.905721312349618,1.492756237463007,-0.7000615750381148,-39.29062405904027,-23.074551929541443,0.4461343518578631,0.0,0.0,0.0,0.0,0.0,0.0,0.0,0.0,0.0,0.0,0.0,0.0,0.0,0.0,0.0,2562.029456962018,2548.568581274286,2554.941586652864,2554.927704986765,2557.4248617702056,2553.9461933801795,2555.2687877728827,2554.7221071226413,45.212765957446805,1.863748837233401,1.4250898730139383,-0.6991000429937121
485,4.859999999999941,4.129050244300275,4.706805874915683,0.9346011472368122,0.778400594304199,0.3170995777879403,-0.5416525386675324,-0.012365270259774984,-5.7554760793864554,12.301055073141073,0.43003880059393,2.042371805663975,1.5751744456161787,-0.6962867062390838,-38.51585261229573,-23.971887354361954,0.5569636606883033,0.0,0.0,0.0,0.0,0.0,0.0,0.0,0.0,0.0,0.0,0.0,0.0,0.0,0.0,0.0,2537.4499945084963,2560.3451826388614,2554.900696498053,2551.5297139733334,2543.6039310188926,2553.8294204280887,2555.160569940476,2550.9447791795583,45.05283009596516,2.2231444092166135,1.701788799054774,-0.6615983965598835
486,4.869999999999941,4.069579484241097,4.828597147310744,0.9389327183462041,0.7792985058957023,0.3268152753854364,-0.5346339297994122,-0.007223267315057289,-6.13771635422345,12.055495083112666,0.4365279438456229,1.9505620941724042,1.500288046572027,-0.694108556247957,-37.95065813994558,-25.00347662831537,0.7119365544518974,0.0,0.0,0.0,0.0,0.0,0.0,0.0,0.0,0.0,0.0,0.0,0.0,0.0,0.0,0.0,2562.7407846323167,2547.876828996927,2554.894097336221,2554.9286380782078,2557.709061655787,2553.7111842190834,2555.220071767284,2554.7212437077746,45.2127659574408,1.9043118264539192,1.4290394115912757,-0.6932680408683749
487,4.87999999999994,4.006321592651722,4.947886075638838,0.9433347493443724,0.7800208056705316,0.3365818086392213,-0.5275189797495705,-0.001988672476258123,-6.5125060479019785,11.800802905779564,0.44400528555756685,2.0933830057597214,1.5891772654568994,-0.6902367328667994,-37.12356077023404,-25.883462142205715,0.7850121573235724,0.0,0.0,0.0,0.0,0.0,0.0,0.0,0.0,0.0,0.0,0.0,0.0,0.0,0.0,0.0,2536.681976821614,2560.8728983639103,2555.110259084002,2551.26874711815,2543.2450803305182,2553.9565889543774,2555.3009567520053,2550.748951335009,45.04286235319274,2.293651092686318,1.7274732700169135,-0.6533430899814039
488,4.88999999999994,3.939351287510164,5.064579261360414,0.9478167093383083,0.7805993013587718,0.34635394843348544,-0.5202812781129511,0.003326374585979139,-6.880501339850172,11.536138841888874,0.45257972895951154,1.9960883936364366,1.5094665383554762,-0.6880020390013093,-36.501298671285376,-26.910348240004822,0.9042825844451374,0.0,0.0,0.0,0.0,0.0,0.0,0.0,0.0,0.0,0.0,0.0,0.0,0.0,0.0,0.0,2563.2292706977582,2547.4029614129126,2554.7841361973897,2554.998000978242,2557.8786707968325,2553.5826326309657,2555.1610312439975,2554.7389794091955,45.212765957446805,1.9505552545794274,1.4352669199312356,-0.6871330151085958
489,4.89999999999994,3.8687391609083353,5.1785798821508955,0.9523880827697723,0.7809902280298527,0.35618656703625645,-0.5129414776724717,0.008742635071088575,-7.240470508928475,11.262534932485593,0.4617550479145938,2.1515474603309643,1.6058924429673946,-0.6839086253888108,-35.61512815960022,-27.766070801643394,0.9368847125310054,0.0,0.0,0.0,0.0,0.0,0.0,0.0,0.0,0.0,0.0,0.0,0.0,0.0,0.0,0.0,2535.182753062381,2561.51618233798,2554.9707589122636,2551.160062628307,2542.315588305264,2554.0219254410067,2555.2079919575544,2550.5744985452375,45.02709531064346,2.338689916895892,1.7611644960129451,-0.647977111983179
490,4.90999999999994,3.794565683053048,5.289796198177145,0.957054450360337,0.7812285720040051,0.36602934991655717,-0.5054714949434881,0.014247844884077482,-7.593080877201756,10.979038968259536,0.47165060333065567,2.047745747828872,1.521127722328658,-0.6815576487163119,-34.93833113293121,-28.79025700937099,1.0197107223531843,0.0,0.0,0.0,0.0,0.0,0.0,0.0,0.0,0.0,0.0,0.0,0.0,0.0,0.0,0.0,2563.699869432674,2546.917402435181,2554.6451423335666,2555.0830183672692,2557.9761299709835,2553.531404363694,2555.0395599371004,2554.814090551295,45.21276595744403,1.9952253633745247,1.4419905845741847,-0.6808315492872706
491,4.9199999999999395,3.716907161308246,5.398132584779056,0.9618214696010965,0.7812843108328276,0.37590854675017227,-0.4978894072112223,0.01984258837714341,-7.9370660683607355,10.686839290448708,0.48174587969185484,2.200282924571545,1.6276047705426169,-0.6774918378709016,-33.989136368004935,-29.61336834407291,1.0112516208650724,0.0,0.0,0.0,0.0,0.0,0.0,0.0,0.0,0.0,0.0,0.0,0.0,0.0,0.0,0.0,2534.3316134611932,2561.656388322875,2555.3786162764964,2549.746123975134,2541.720888366059,2553.882372963842,2555.1857657477535,2549.5434209163477,45.0196559250251,2.379451758823415,1.784381058969441,-0.6427210595858874
492,4.929999999999939,3.635849987020205,5.503499550941299,0.9666908589357969,0.7811888089087881,0.3857817586859472,-0.49016851645966536,0.025520677353418682,-8.27313798335359,10.384876560013478,0.49220791140686715,2.09461202069069,1.5356950876036883,-0.6751241694565543,-33.26069571512136,-30.631737020128114,1.0606819262437006,0.0,0.0,0.0,0.0,0.0,0.0,0.0,0.0,0.0,0.0,0.0,0.0,0.0,0.0,0.0,2564.2389315744763,2546.3496575148,2554.297371322714,2555.3648655686143,2558.2209905293503,2553.3056462583563,2554.9833641381647,2554.850749862272,44.954193927142676,1.6586518077451546,1.8006084419987087,-0.7237652098980515
493,4.939999999999939,3.551475804151607,5.605802997991309,0.9716647402212241,0.7809024140997491,0.3956760700473183,-0.48234193823408195,0.031274939898947654,-8.600048934672392,10.074470151212536,0.5024966318327678,2.244206731120803,1.6463074099537,-0.6711008935280347,-32.25645906065111,-31.419834719951467,1.0134119689702015,0.0,0.0,0.0,0.0,0.0,0.0,0.0,0.0,0.0,0.0,0.0,0.0,0.0,0.0,0.0,2534.113326424161,2561.6338884158267,2555.5024587680023,2549.051150747452,2541.614089761384,2553.7411050614082,2555.0676097860787,2549.066931761034,45.04644680169428,2.4505611315617077,1.7631343440705152,-0.6338946858710255
494,4.949999999999939,3.463881784784984,5.704961069102635,0.9767398433794928,0.7808380305391884,0.40516739687899406,-0.4740893008403863,0.03702276865194065,-8.91718056929498,9.75576470097231,0.5125520838366806,1.9505758222834535,1.7072406283367232,-0.6726105391329392,-31.29625295175842,-32.24126382805714,1.0209990698082372,0.0,0.0,0.0,0.0,0.0,0.0,0.0,0.0,0.0,0.0,0.0,0.0,0.0,0.0,0.0,2558.5709939691765,2544.868789524882,2563.8376003272615,2524.7693592576,2552.407307040623,2551.466227880189,2555.075786561782,2533.084362188037,44.558288080237205,1.125198834832448,2.3472372642185313,-0.7923733261824767
495,4.959999999999939,3.3731611966653956,5.8008895012170445,0.981917929113115,0.7807347169667969,0.4145484265889671,-0.46558481584916067,0.042821524798760294,-9.225474078953745,9.42841482358826,0.5231431600757952,2.2156626820206333,1.7264660051950675,-0.6697529770349497,-30.421413789195384,-33.139471017298305,1.071885077743473,0.0,0.0,0.0,0.0,0.0,0.0,0.0,0.0,0.0,0.0,0.0,0.0,0.0,0.0,0.0,2536.255295072031,2559.517188593399,2546.8693269510422,2559.0202205832306,2543.3499590339834,2552.3861410109316,2554.6473944012937,2552.1477372200243,45.07291061022956,2.457949083672267,1.746773722528278,-0.6311085928613256
496,4.9699999999999385,3.2794139773071613,5.893510605934238,0.9872002911990851,0.7811338867216201,0.4232151554364592,-0.45646569719291064,0.04855770289314549,-9.52195386508929,9.09492009468155,0.5333698790541613,1.6661665323125214,2.001997291053622,-0.6771865862473736,-29.14451277027652,-33.6171727926331,1.0624245382260256,0.0,0.0,0.0,0.0,0.0,0.0,0.0,0.0,0.0,0.0,0.0,0.0,0.0,0.0,0.0,2549.043535107236,2542.639643518783,2573.369700531345,2482.7221718429764,2543.366257457733,2547.912360200584,2551.21135161645,2504.342468551441,44.44120000838849,0.9989307789411355,2.519484305538664,-0.8077358894607696
497,4.979999999999938,3.1827477086390474,5.982756320899144,0.9925934986571462,0.7816837122300017,0.43160037238903,-0.4469249426913867,0.05431195253602513,-9.81014040574538,8.752406184383773,0.545661647647428,2.0879238250716514,1.8744708104884273,-0.6767591444635241,-28.461250524575377,-34.70718890406488,1.3080396949648465,0.0,0.0,0.0,0.0,0.0,0.0,0.0,0.0,0.0,0.0,0.0,0.0,0.0,0.0,0.0,2540.4421278168224,2554.8339158021313,2532.851445003583,2573.4279114869655,2546.1979334497382,2549.5520911504827,2552.654604447117,2557.124955150362,45.03512056686418,2.414852913612572,1.815865465721537,-0.6351732282180094
498,4.989999999999938,3.0832545221596726,6.068543298088548,0.9981130199487889,0.7824162657634309,0.4395589630348146,-0.4370458354356303,0.060030349098925684,-10.086327350924915,8.404339968462605,0.5583444376272343,1.5312441459951793,2.1675735600474995,-0.6850892514793291,-27.080192311068174,-35.022680504075865,1.3289008662400459,0.0,0.0,0.0,0.0,0.0,0.0,0.0,0.0,0.0,0.0,0.0,0.0,0.0,0.0,0.0,2545.268193705377,2541.216647993842,2568.2172822276543,2480.103077171922,2540.681017097879,2545.1014145233476,2544.2823964413124,2503.4705598738865,44.5129378699291,0.9658763586889616,2.598228058691815,-0.7909890081963685
499,4.999999999999938,2.9810481309680132,6.150812369810379,1.003770888807025,0.7832178009486017,0.44732009144854695,-0.4267849973774697,0.0657964898548045,-10.353740882088218,8.047649794401757,0.5737294690085223,1.9991090371201174,1.9954144517663983,-0.6848262907067265,-26.36721062623515,-36.11836962971893,1.642578321025101,0.0,0.0,0.0,0.0,0.0,0.0,0.0,0.0,0.0,0.0,0.0,0.0,0.0,0.0,0.0,2539.930387165752,2552.4802937032127,2526.7371974522553,2577.4402753817562,2545.3162240547913,2547.6782447775518,2549.0133947257605,2559.233073556232,44.8614418783351,2.214899984422159,2.1325579998066866,-0.6560868471156872
500,5.009999999999938,2.8762219706876664,6.229480528758021,1.0095889918065957,0.7840507164537691,0.45479031811738185,-0.4163068370868339,0.07154619465616871,-10.609359202374858,7.685328354504195,0.5900677956496496,1.4683816941437664,2.2710363962156084,-0.6911458647907432,-25.022203412982336,-36.442134590148,1.7113672859669915,0.0,0.0,0.0,0.0,0.0,0.0,0.0,0.0,0.0,0.0,0.0,0.0,0.0,0.0,0.0,2545.431146751889,2541.378798879052,2568.6912171034874,2487.00608458322,2541.207338247349,2545.1385022741615,2545.554273843048,2509.874521802969,44.66706710856002,1.0271721123254431,2.69169656630518,-0.7519974444605856
501,5.019999999999937,2.7688933380742466,6.304493779451937,1.0155824283702324,0.7850713877516915,0.46194782397838546,-0.4053106868941103,0.07739748797404383,-10.854818740634066,7.315845052414227,0.6091145872166749,1.8678867255681086,2.195045791717319,-0.6908246631147358,-24.09896850364035,-37.322133701127136,2.017043200711943,0.0,0.0,0.0,0.0,0.0,0.0,0.0,0.0,0.0,0.0,0.0,0.0,0.0,0.0,0.0,2532.5196329681858,2552.6807243188964,2531.4255559531857,2562.086837982125,2539.0114683688867,2546.4095475875843,2547.984036795862,2548.157376902265,44.86530139526819,2.0493738245794986,2.279927682688128,-0.6685367151096754
502,5.029999999999937,2.6591653110602604,6.375778072665811,1.021776397210579,0.7861282851981155,0.46886011805210503,-0.39398929907110364,0.08333631338796513,-11.088784406521574,6.9401426858903665,0.6300273054052568,1.4365917662255467,2.4193999986674086,-0.6935575951947655,-22.86817835083177,-37.81331635247476,2.2033340331328866,0.0,0.0,0.0,0.0,0.0,0.0,0.0,0.0,0.0,0.0,0.0,0.0,0.0,0.0,0.0,2545.5039654876223,2543.089878315686,2569.0801841521356,2501.41585048223,2541.786986945806,2546.9332152717116,2551.066333234278,2519.58952124418,44.734972544664274,1.0201101612600567,2.768763550068113,-0.7443377783019737
503,5.039999999999937,2.547153707634313,6.443274261059646,1.028193770827346,0.7872703689448872,0.4754949333394325,-0.38226298019791405,0.08935853915613891,-11.311737785903858,6.557866255626973,0.6539489281055314,1.76548969494637,2.3453763623961583,-0.6923608033669051,-21.792645763996532,-38.544593908516056,2.511370582275685,0.0,0.0,0.0,0.0,0.0,0.0,0.0,0.0,0.0,0.0,0.0,0.0,0.0,0.0,0.0,2536.303662863225,2550.8667421731975,2533.3223828621385,2559.749676100499,2541.1843392898354,2546.132944575563,2547.01781415707,2547.671199282424,44.89333900534383,1.972054630737965,2.3652913486460045,-0.6754526798808937
504,5.049999999999937,2.4329718281035286,6.506917665064714,1.0348618779864724,0.7884235122389498,0.4818493265377036,-0.3702758904625388,0.09542199330413313,-11.522573531568108,6.1699995639987195,0.6800817383646283,1.3852748381908246,2.5364729390283576,-0.6944862100681716,-20.53388412766033,-39.01069897200582,2.7386201078127836,0.0,0.0,0.0,0.0,0.0,0.0,0.0,0.0,0.0,0.0,0.0,0.0,0.0,0.0,0.0,2547.4832892255467,2543.60984291632,2567.6776053652648,2508.0574714753175,2544.1363764275916,2547.1173424016943,2551.922241922187,2523.946382757167,44.756339619833824,0.9907959903459854,2.8448920130306803,-0.7466489232925536
505,5.0599999999999365,2.3167409214708585,6.566654386540344,1.0418066391036742,0.789563302857899,0.4879875973855416,-0.35797397029553124,0.10155063844637575,-11.721668109940019,5.776263622064566,0.709383449198842,1.6990714551181498,2.4493621327792976,-0.6933988363923143,-19.372624546766914,-39.65313462381381,3.053340209741684,0.0,0.0,0.0,0.0,0.0,0.0,0.0,0.0,0.0,0.0,0.0,0.0,0.0,0.0,0.0,2539.0282843181926,2550.675194274709,2532.8772670568005,2561.12518147318,2543.3315401044442,2546.481843049634,2546.1404123108323,2549.235202043424,44.89084850963439,1.666354429470487,2.5739542587153776,-0.705943472367874
506,5.069999999999936,2.198581669052614,6.622427919960845,1.0490562962775845,0.7906733058584672,0.4938548620443816,-0.34546216315449485,0.10769861868466409,-11.908026850258949,5.377755694500537,0.7409644172749418,1.338200472332314,2.6282274143514166,-0.6957657371920183,-18.06135113289642,-40.041877620373256,3.2851885563605077,0.0,0.0,0.0,0.0,0.0,0.0,0.0,0.0,0.0,0.0,0.0,0.0,0.0,0.0,0.0,2548.434438929415,2544.1005137573457,2566.5644849016153,2510.297946550733,2545.2630128686797,2547.3621506874897,2551.4457756995325,2525.489941908947,44.831637937008374,0.9471747166478433,2.8761778980819015,-0.7490561388265272
507,5.079999999999936,2.078621167259892,6.674192195343314,1.0566374207157911,0.7919326305435858,0.4992613497506593,-0.33258966409330837,0.11386364065744053,-12.082022355281687,4.974189045046778,0.7758147928309611,1.523428176564195,2.594232976118781,-0.6968132128845782,-16.835763242136537,-40.59003759562163,3.623759375283586,0.0,0.0,0.0,0.0,0.0,0.0,0.0,0.0,0.0,0.0,0.0,0.0,0.0,0.0,0.0,2543.2879799982834,2550.448686816066,2540.677558971244,2549.4950718890836,2546.1616417594582,2547.6751621011035,2548.7943585239573,2542.2739731629754,44.993080378147816,1.6134007048350558,2.589359846129468,-0.7016551773832078
508,5.089999999999936,1.9569848030852224,6.721897906908203,1.064581534800893,0.7932253856724288,0.504287072601768,-0.319510413836535,0.12000471399729268,-12.243066986681656,4.566339379761508,0.813512065704683,1.2343822224695304,2.720391034212102,-0.699823729305619,-15.518068047654765,-40.94996228719161,3.915323574212315,0.0,0.0,0.0,0.0,0.0,0.0,0.0,0.0,0.0,0.0,0.0,0.0,0.0,0.0,0.0,2551.916009148429,2544.661661552085,2563.208873194865,2518.15714277816,2548.854166326901,2547.788947730505,2552.3122337266973,2529.171437564187,44.83945636701515,0.9091013158829956,2.896738995958859,-0.736132588674962
509,5.099999999999936,1.8338017053546152,6.765503435738032,1.0729202111515372,0.7944706164941596,0.5090482086379791,-0.3062291884137132,0.12613502675043606,-12.391442208957884,4.153956224671607,0.8548081997807518,1.441189693699491,2.6541712815961267,-0.7002564714183891,-14.257847563108328,-41.44147642294982,4.2743246277043845,0.0,0.0,0.0,0.0,0.0,0.0,0.0,0.0,0.0,0.0,0.0,0.0,0.0,0.0,0.0,2546.6349233628334,2551.663597768849,2539.5715756107816,2557.4547825509917,2549.4254901436143,2549.018896239616,2548.8582966624813,2549.1978655479193,44.975099293691244,1.4219622146656166,2.7211437227955346,-0.720140327948891
510,5.1099999999999355,1.7092014526191157,6.8049680914807,1.0816859762985613,0.7956473405727383,0.5135256114597573,-0.29283733699091213,0.1322234845951436,-12.52633194184442,3.7386108446386346,0.8988002008044961,1.1730812792818075,2.763478455818261,-0.7018099719019812,-12.88118946357919,-41.64205149675259,4.534242660253596,0.0,0.0,0.0,0.0,0.0,0.0,0.0,0.0,0.0,0.0,0.0,0.0,0.0,0.0,0.0,2551.323308504447,2543.6653992645633,2562.129751582992,2522.2819456917377,2548.2662468303824,2546.5288354256822,2551.579245678469,2532.6630269024813,44.88312898978853,0.9302134160258889,2.9614402066296397,-0.7333930228407897
511,5.119999999999935,1.5833185425764067,6.840263860912953,1.0909082112497128,0.7968476908426411,0.5176300815362558,-0.27922211135423225,0.1383035387052869,-12.648066745057882,3.319916234757137,0.9462278580795983,1.3148510629838601,2.7376082977790364,-0.7029715695904409,-11.57652791740027,-42.02496342061668,4.8894724488127705,0.0,0.0,0.0,0.0,0.0,0.0,0.0,0.0,0.0,0.0,0.0,0.0,0.0,0.0,0.0,2547.4054849149716,2552.2040228684978,2543.823850429231,2550.161740096259,2549.9446409646926,2549.902087354537,2549.800588132293,2544.8118077815548,45.04570272953739,1.3552320987093602,2.7750274422580423,-0.710830182355091
512,5.129999999999935,1.4562858894127593,6.8713591084369074,1.1006197253365737,0.7979820611471082,0.5214629964026634,-0.2654269190852681,0.14439364284853826,-12.756162657464843,2.8988461065284237,0.9965604995917051,1.1231365615305071,2.8371440940805694,-0.7045605834164109,-10.191113970531518,-42.18880629145305,5.172422283485134,0.0,0.0,0.0,0.0,0.0,0.0,0.0,0.0,0.0,0.0,0.0,0.0,0.0,0.0,0.0,2549.685977265661,2546.9396004303517,2560.349503637659,2527.259058726156,2548.0408017150135,2548.3878323156246,2552.5370972636215,2535.034489518377,44.969736381945474,0.9590436837733294,3.012994825979317,-0.7317066173095492
513,5.139999999999935,1.3282398977786354,6.898230591284073,1.1108516199006446,0.7990365082688264,0.5250436476651468,-0.2514348733121602,0.1505002690447319,-12.850789408321178,2.474922305649643,1.0504002454220085,1.2529693675724645,2.803121564326657,-0.7046460984486629,-8.849287840886788,-42.51764621263065,5.529722880699861,0.0,0.0,0.0,0.0,0.0,0.0,0.0,0.0,0.0,0.0,0.0,0.0,0.0,0.0,0.0,2549.1086699214115,2552.754328445128,2545.7221438416427,2553.889316801715,2551.017709427305,2551.1408305604946,2551.4969891743644,2548.8051686184517,45.06214450150146,1.2995200175890331,2.8148728497783813,-0.7116447217375803
514,5.149999999999935,1.1993167753261735,6.92085237525202,1.1216367756945809,0.7999575160435135,0.5284231750512769,-0.23728761794526373,0.15662537139327687,-12.931482947610903,2.04926065678707,1.1070918444098077,1.106981062236183,2.8966475407837535,-0.7055902428166547,-7.435532319195914,-42.616131422211545,5.799942628997412,0.0,0.0,0.0,0.0,0.0,0.0,0.0,0.0,0.0,0.0,0.0,0.0,0.0,0.0,0.0,2550.362116797612,2550.6365717582503,2560.550998753279,2532.487164772353,2549.6856907619645,2551.2305544952183,2553.8153903417165,2539.09883201032,44.99707984547282,0.9396422632386513,3.020656446242399,-0.7288971819593529
515,5.159999999999934,1.0696567258701999,6.93920978943707,1.1330042928093822,0.800751229589342,0.5315910547735052,-0.22297165343651684,0.16276381833729212,-12.998191050387726,1.6219148973107995,1.166921842662737,1.2152734746960594,2.8539850098728268,-0.7055370360100225,-6.036902820104828,-42.80706653921662,6.112186505661699,0.0,0.0,0.0,0.0,0.0,0.0,0.0,0.0,0.0,0.0,0.0,0.0,0.0,0.0,0.0,2550.937642137733,2552.0187952727947,2546.263715223201,2554.528060387386,2551.8848250081264,2551.1925344361593,2551.440610611481,2549.804924342871,45.122701765400954,1.2652912305176638,2.8195373700113677,-0.7034938583902578
516,5.169999999999934,0.9394005630009274,6.953288438482987,1.1449833461941088,0.8014017792596314,0.534542433771503,-0.20856659267697755,0.16887732564276006,-13.050655134739799,1.1937697933734344,1.2293046268481536,1.0795693284646817,2.9283910679880103,-0.7061885110360614,-4.603112898795558,-42.82907182255546,6.356058278263577,0.0,0.0,0.0,0.0,0.0,0.0,0.0,0.0,0.0,0.0,0.0,0.0,0.0,0.0,0.0,2552.0807959203303,2549.934810435929,2559.898627473022,2535.21985646449,2551.1485664643637,2550.793217513042,2553.9121780814603,2541.0812735519985,45.033561854874094,0.9460102128172929,3.046011210276647,-0.7247058815173001
517,5.179999999999934,0.8086907954894523,6.963080995292697,1.1576005042806505,0.8018946728546287,0.537300195132879,-0.19406208183349963,0.17496668926394676,-13.088932229656224,0.7645278942387774,1.2945982858150573,1.1840430451779753,2.874193575280462,-0.7053689675019948,-3.1861972549691586,-42.96765570294847,6.646457969073483,0.0,0.0,0.0,0.0,0.0,0.0,0.0,0.0,0.0,0.0,0.0,0.0,0.0,0.0,0.0,2553.05286409137,2552.0216931498635,2547.675153218484,2557.6714705593863,2553.768988021762,2551.5103478547367,2552.987525140634,2552.910282722642,45.186342523666745,1.2992613223416516,2.800191176131908,-0.6929219985451341
518,5.189999999999934,0.6776699801922519,6.968579877061931,1.1708821142496122,0.8022148821749638,0.5398734357767174,-0.17948954116330715,0.18102889485559184,-13.112821476382296,0.335368487607345,1.3620633118389454,1.0671636477145998,2.951184725729437,-0.7054526541893028,-1.7390478615038063,-42.888545794391106,6.8442447621743785,0.0,0.0,0.0,0.0,0.0,0.0,0.0,0.0,0.0,0.0,0.0,0.0,0.0,0.0,0.0,2551.8764376766107,2551.6889727358634,2560.540257967647,2537.3019407741017,2551.5836139735134,2551.892275557728,2554.758503091834,2542.836554016514,45.05766363443612,0.9672376429965042,3.0730919604317424,-0.7208316763106037
519,5.199999999999934,0.5464821884546978,6.969786331462024,1.184850690687398,0.802311529822662,0.5423381861062812,-0.16483892824274532,0.18706584065604154,-13.122340138447742,-0.0941958840150752,1.4320573397389031,1.1936901132499567,2.8778799422846992,-0.7037623620376744,-0.3031248042972834,-42.97157335176149,7.096607834972568,0.0,0.0,0.0,0.0,0.0,0.0,0.0,0.0,0.0,0.0,0.0,0.0,0.0,0.0,0.0,2554.257844383353,2552.976892469726,2547.5354602942916,2562.674664195405,2554.8834645910642,2552.6205500978317,2553.960683878803,2556.9094088899524,45.192574673445215,1.2724567774116275,2.843676167231176,-0.6927915051355689
520,5.209999999999933,0.4152715634133948,6.966700222561012,1.1995279400637862,0.8021918910667617,0.5446732584233709,-0.15013693794590924,0.19307540322223002,-13.117361131791716,-0.5227305142733469,1.5036206082072305,1.081544098890147,2.965999697093111,-0.7033647126836859,1.1522411683433376,-42.78280205233875,7.225691588233607,0.0,0.0,0.0,0.0,0.0,0.0,0.0,0.0,0.0,0.0,0.0,0.0,0.0,0.0,0.0,2551.3198588758487,2553.3745025348626,2561.684498701529,2537.9490144308584,2551.500052356653,2553.0642928967004,2555.3447901456293,2543.8923895852386,45.07817107905608,0.9711000217080532,3.0777391224166903,-0.7176062242147445
521,5.219999999999933,0.2841834254605411,6.959332948316491,1.2149299827691384,0.8018769446560265,0.5468518191715322,-0.135322727850118,0.19908343181968882,-13.097838270799937,-0.9506848489967974,1.5771011053808213,1.1875950153265349,2.9050928928431192,-0.701718621501479,2.608122808490876,-42.76981355097487,7.421724572412192,0.0,0.0,0.0,0.0,0.0,0.0,0.0,0.0,0.0,0.0,0.0,0.0,0.0,0.0,0.0,2554.542745898902,2553.366387022911,2549.5583027975113,2560.8192233231393,2554.9074311956565,2553.2420666995326,2555.0656523221587,2555.8647919255027,45.212765957446805,1.27154789367266,2.837353912469051,-0.6889039059602242
522,5.229999999999933,0.1533633310715845,6.947693229125263,1.2310731545292999,0.80136344625654,0.5488677845930959,-0.12046507405556103,0.20505840137018694,-13.063755323259654,-1.3768455547497536,1.6516865335019406,1.0814254830227952,2.982744021748931,-0.7012612591436049,4.063591857532245,-42.51214154976712,7.506853845681949,0.0,0.0,0.0,0.0,0.0,0.0,0.0,0.0,0.0,0.0,0.0,0.0,0.0,0.0,0.0,2552.4359206635527,2553.2282184071382,2561.571796154985,2539.368218953845,2552.395162581351,2553.157515701731,2555.8914309029497,2544.6801188882,45.09809663594749,0.9886069650599014,3.0738252444284053,-0.712963075280726
523,5.239999999999933,0.022957079030638566,6.931799878898504,1.2479689605631736,0.8006370330166102,0.5507443947766433,-0.10554362696824517,0.21100117485657863,-13.015055368774924,-1.8016513595875752,1.7277030360686052,1.186747409095772,2.9119207358626453,-0.6994376564669944,5.527485943447985,-42.41899862478671,7.6522100713372065,0.0,0.0,0.0,0.0,0.0,0.0,0.0,0.0,0.0,0.0,0.0,0.0,0.0,0.0,0.0,2555.7657578574817,2553.0359036125305,2549.413131867359,2562.3479285175868,2555.904990351303,2553.1392722779383,2555.1459549948486,2557.171365008378,45.21276595744133,1.2811004618732826,2.8408527226907494,-0.6871425148333907
524,5.2499999999999325,-0.10688949354583208,6.911669531535256,1.2656286334062135,0.7996942100611019,0.552482573134715,-0.09061229696641451,0.2168907292063557,-12.951851628424366,-2.223874427072681,1.804292087711399,1.089666495359118,2.984989712865905,-0.6987331660065244,6.971555269080554,-42.0832479500266,7.681933129988661,0.0,0.0,0.0,0.0,0.0,0.0,0.0,0.0,0.0,0.0,0.0,0.0,0.0,0.0,0.0,2552.7850080172793,2553.6778623123305,2561.495150162492,2540.914893299349,2552.916082842507,2553.439087806981,2556.0636533800416,2545.9634756690775,45.02621679209449,0.8937869114157118,3.036194628721187,-0.7037468552455239
525,5.259999999999932,-0.23603129149893193,6.887329346449449,1.2840579582503513,0.7985235258625224,0.5540997364505005,-0.07562798945536003,0.2227421556879418,-12.874074059175403,-2.643833438751516,1.8816956945574297,1.1951984648426934,2.9147861088035874,-0.6968772497654121,8.43271969414694,-41.89450625373458,7.763265453508028,0.0,0.0,0.0,0.0,0.0,0.0,0.0,0.0,0.0,0.0,0.0,0.0,0.0,0.0,0.0,2555.706871754856,2553.2503898418363,2549.326581352824,2562.3917807041303,2555.868602376603,2553.297756618782,2554.9237304971566,2557.2715322128497,45.21276595744678,1.2756290507962245,2.868364118602829,-0.6850379558288272
526,5.269999999999932,-0.3643235351849101,6.858806734388053,1.3032613023396793,0.7972065824229002,0.5554834781315623,-0.06070487890077903,0.22850533504078957,-12.782027196898094,-3.0599235140376044,1.9589149921262972,1.0469606505495972,2.969702005102811,-0.6957205673971687,9.840112031046289,-41.417507449578395,7.717292354306071,0.0,0.0,0.0,0.0,0.0,0.0,0.0,0.0,0.0,0.0,0.0,0.0,0.0,0.0,0.0,2554.1192395114103,2547.543191269128,2561.091729232131,2538.338590598276,2552.339487988706,2548.996048258367,2554.880728647866,2544.0254391239687,44.98047046659581,0.8203510513741097,2.8564155899844232,-0.6742109776697965
527,5.279999999999932,-0.4916237765450401,6.826139252590596,1.3232385277847882,0.7957036123605943,0.5566882740560913,-0.045753679758060974,0.2342232430681209,-12.675606474119464,-3.473195967647877,2.036617810056787,1.1733276031494744,2.9193845911422454,-0.6937699303253313,11.290527836063546,-41.20587981922119,7.780307333836944,0.0,0.0,0.0,0.0,0.0,0.0,0.0,0.0,0.0,0.0,0.0,0.0,0.0,0.0,0.0,2553.8625654628468,2555.00000487477,2549.9989726323106,2561.4268119541075,2555.5894846894194,2553.7306215306544,2555.612572223382,2556.4298120213,45.164342103898434,1.2004023167802365,2.811744800726193,-0.6741672500768178
528,5.289999999999932,-0.6177895561941813,6.789359905111074,1.3439906526802416,0.7940636231492976,0.5576831341962564,-0.03099858830561512,0.2397740013994637,-12.555300750575395,-3.8817349253957594,2.113652087576111,0.9982413902894237,2.890782774452286,-0.6905974392689009,12.638697195674453,-40.620717644359594,7.674425696906795,0.0,0.0,0.0,0.0,0.0,0.0,0.0,0.0,0.0,0.0,0.0,0.0,0.0,0.0,0.0,2557.966558197767,2537.494050753315,2556.782120144336,2543.8848834385076,2552.804395493234,2542.180953403764,2552.5658788354035,2547.5055527463546,44.85737700793781,0.6418048578629484,2.799922700882477,-0.6641222853795432
529,5.299999999999931,-0.742683601059076,6.748515607015827,1.3655122101254167,0.7922903202021946,0.5584753373270099,-0.016405310276918397,0.24517791887954493,-12.421188906367886,-4.286625544935207,2.190674587721178,1.1125581389498722,2.8534440759145037,-0.6874331474569054,14.032969969974829,-40.33531052581463,7.693470743992403,0.0,0.0,0.0,0.0,0.0,0.0,0.0,0.0,0.0,0.0,0.0,0.0,0.0,0.0,0.0,2552.485092278033,2552.76708345981,2550.2241666918735,2559.380220581673,2555.1368644748245,2550.747021049924,2554.438191510227,2555.5632219883782,45.09146925190599,1.096733034748346,2.718544744927948,-0.6584139013431209
530,5.309999999999931,-0.8661702793293985,6.703648604013937,1.3877991500583184,0.7904983468928414,0.5589137481527113,-0.0020232981456838554,0.250446984310425,-12.27406106755677,-4.685635847734316,2.2664812072360316,0.8794924041316071,2.828356889713858,-0.6839139933949095,15.279963237412986,-39.6209804821126,7.535906643417967,0.0,0.0,0.0,0.0,0.0,0.0,0.0,0.0,0.0,0.0,0.0,0.0,0.0,0.0,0.0,2556.7088062633775,2531.3737037265278,2556.8616177028953,2537.537311197732,2550.268693367182,2537.205840936477,2551.1354948181793,2542.4761640741717,44.83386748810804,0.5638465418938512,2.82384483709583,-0.6671951325813393
531,5.319999999999931,-0.9881207263005607,6.654815606359501,1.4108423134357473,0.7886553834673269,0.5590735625987353,0.012141563508741937,0.25556216497503065,-12.113805565731683,-5.080408351115635,2.3421705127898185,1.0037235974135097,2.7773979509878592,-0.6801222579501607,16.618216781058237,-39.30427172068196,7.558744386900962,0.0,0.0,0.0,0.0,0.0,0.0,0.0,0.0,0.0,0.0,0.0,0.0,0.0,0.0,0.0,2550.797806912612,2548.912135462737,2547.7142984937454,2558.890696777314,2553.5134873046222,2546.950509379038,2552.9670250418467,2554.205526969532,44.98874471779376,0.9169116539386155,2.588489843590699,-0.6370650087667401
532,5.329999999999931,-1.1084057940118501,6.602062126847481,1.4346377578014016,0.7867749218784631,0.5589200807354829,0.02615933030164225,0.2605940427023406,-11.941237556694826,-5.469110843122218,2.416691088676698,0.7851568325011634,2.7979685897648303,-0.6773205010221849,17.794558204229816,-38.573901110097175,7.406454945982244,0.0,0.0,0.0,0.0,0.0,0.0,0.0,0.0,0.0,0.0,0.0,0.0,0.0,0.0,0.0,2552.695646065577,2535.3700674255538,2557.728786584059,2533.76066536459,2548.260899656885,2539.3772370829356,2550.9759955562804,2539.8092609607465,44.83872486714639,0.5215605809233639,2.8373304884429325,-0.6758632735931135
533,5.339999999999931,-1.2269038560469119,6.545449863887799,1.4591755853230124,0.7849001132100912,0.5584382206066466,0.03994224309421798,0.26548669131440633,-11.756292771168836,-5.852583993798627,2.490844616437208,0.8661510858870881,2.700991393690556,-0.6729266187444365,19.048637188019413,-38.12852025126379,7.396335468299764,0.0,0.0,0.0,0.0,0.0,0.0,0.0,0.0,0.0,0.0,0.0,0.0,0.0,0.0,0.0,2551.9585642864618,2540.124857527999,2544.653190206524,2558.357898953551,2551.605572960532,2540.859337125817,2550.512505976281,2553.013933686745,45.02412498314032,0.9077756527031242,2.571122176616488,-0.6381647142574749
534,5.34999999999993,-1.3434931773623973,6.485031940198988,1.4844507106051117,0.782990353994954,0.5576743158629872,0.05355702367860491,0.270290784512338,-11.559687322699054,-6.22985571128119,2.5639973062358568,0.6967399039035527,2.7639866380752305,-0.6710863644898989,20.174168059860165,-37.42827435450202,7.276002373010737,0.0,0.0,0.0,0.0,0.0,0.0,0.0,0.0,0.0,0.0,0.0,0.0,0.0,0.0,0.0,2549.1975409269357,2541.0575621118005,2557.40261436516,2531.9369119714106,2547.8838809091326,2542.328458388734,2550.42343273188,2538.34199827504,44.89941475089389,0.4938523438917032,2.8780567728768407,-0.6846266775113712
535,5.35999999999993,-1.4580572687574085,6.420869887407033,1.5104551497426488,0.7809750641275057,0.5567224511842606,0.06709231529193417,0.2750212406109653,-11.351109176965663,-6.6017403032411694,2.6368475316585154,0.8144269796809535,2.6729537971808877,-0.6678542246797124,21.39363578945641,-36.95165809118173,7.260093174600968,0.0,0.0,0.0,0.0,0.0,0.0,0.0,0.0,0.0,0.0,0.0,0.0,0.0,0.0,0.0,2550.4528325011233,2544.5943562667853,2543.5379636508824,2560.3069458097516,2550.7801862201695,2544.6501659350124,2550.4138776557265,2554.1643043939853,45.11844453926703,0.9406963143770395,2.6227411576561668,-0.6495274815403514
536,5.36999999999993,-1.5704783287101967,6.3530195905225675,1.5371832771887282,0.7788612059078583,0.5555623873231943,0.08055814188412307,0.2797070637286222,-11.131284805141805,-6.9671173524751415,2.708566620593986,0.6551983357080895,2.7670236257441108,-0.6673985695523195,22.47860622097697,-36.22004384554778,7.123799312488188,0.0,0.0,0.0,0.0,0.0,0.0,0.0,0.0,0.0,0.0,0.0,0.0,0.0,0.0,0.0,2548.785700697552,2546.7699536863815,2559.4687064090876,2531.2751388079987,2548.367240338422,2547.2061268256775,2551.742310214017,2538.547353097983,44.939018285078745,0.4599427115380796,2.954434431015195,-0.6937820266667022
537,5.37999999999993,-1.6806431792535812,6.281545813953105,1.5646255797530824,0.7765709698063221,0.5542705461629693,0.09407838345463321,0.28437817827117995,-10.899679287703558,-7.326759123014793,2.77981322253866,0.8094495308487634,2.6969146101533346,-0.665790556491582,23.69001667366355,-35.707237439882356,7.087238554438713,0.0,0.0,0.0,0.0,0.0,0.0,0.0,0.0,0.0,0.0,0.0,0.0,0.0,0.0,0.0,2550.638111050332,2551.765117656489,2544.992178046779,2561.966102669922,2552.142446951087,2550.6973717846963,2552.3530619387884,2555.5006638713453,45.21276595744086,0.9449039042307223,2.6748325505594894,-0.661327123509542
538,5.3899999999999295,-1.78843644011952,6.206509812280633,1.5927734625718095,0.774146125520419,0.5527758550774334,0.1076248989893599,0.28905624280175324,-10.657235012725753,-7.679081824740336,2.8494678379574694,0.6343183633880828,2.8141319554463275,-0.6667065355533839,24.72270193917936,-34.87611026582549,6.897416443712334,0.0,0.0,0.0,0.0,0.0,0.0,0.0,0.0,0.0,0.0,0.0,0.0,0.0,0.0,0.0,2549.4393355218676,2550.0901480050575,2562.016164638698,2529.468605147305,2548.8764459829104,2550.4554810378536,2553.2565105423564,2537.757213813624,44.99512371991895,0.4569958316477293,3.038961369693454,-0.7048460916020413
539,5.399999999999929,-1.89374803249436,6.1279839303340635,1.621613312461059,0.7715373937644369,0.5511234851962724,0.12127073526965046,0.29374540482440364,-10.403060092322981,-8.025154953678149,2.9183893306196667,0.8019501915102788,2.7457056139060705,-0.666440062647097,25.94739079318842,-34.329947119790205,6.843513421859626,0.0,0.0,0.0,0.0,0.0,0.0,0.0,0.0,0.0,0.0,0.0,0.0,0.0,0.0,0.0,2553.444931296542,2555.8990292318767,2546.4932049346426,2563.881556639581,2555.1545918259653,2554.731688246919,2554.4329815128035,2557.0431870795355,45.21276583160646,0.8916786904782009,2.6483756809309162,-0.6569478260225694
540,5.409999999999929,-1.9964633593268781,6.046034721966039,1.6511337242290927,0.7687639805948542,0.5492794824141647,0.13498088266762637,0.2984529337316871,-10.13833607624008,-8.363183219403421,2.9853183893186412,0.6285713875619547,2.879114023014442,-0.6685589296444239,26.935468759706538,-33.41002381344893,6.604832121376525,0.0,0.0,0.0,0.0,0.0,0.0,0.0,0.0,0.0,0.0,0.0,0.0,0.0,0.0,0.0,2550.484496304151,2553.789708419783,2563.8630363968277,2529.3991466087027,2550.324124426606,2553.598614433181,2554.6710660465496,2538.1042494748367,44.947228952753306,0.4634240950111218,3.107052512169968,-0.6951392529411149
541,5.419999999999929,-2.0964762778826525,5.960743889769705,1.6813161212936216,0.7658378867903531,0.5472479801050867,0.14872277467023048,0.303139432805725,-9.862298047407833,-8.693863489677787,3.0509604352250794,0.7727157748798907,2.7691655321866238,-0.6681874117943988,28.11433511943129,-32.74891427686377,6.495045376791353,0.0,0.0,0.0,0.0,0.0,0.0,0.0,0.0,0.0,0.0,0.0,0.0,0.0,0.0,0.0,2557.1499213412712,2551.52570794387,2545.1604477911346,2566.1695740738724,2556.7333503436353,2552.2137335527805,2553.872835550277,2558.5386073582185,45.16601120415517,0.818438110200116,2.736301464426154,-0.6642154780618181
542,5.429999999999929,-2.193677488780381,5.872188668545037,1.7121437430202868,0.7627540938162802,0.545033141617992,0.16247063256357558,0.30781221622755445,-9.576390281340139,-9.015533513349359,3.114109203526186,0.6182123624236148,2.924120025867043,-0.669277059093645,29.027773432639847,-31.738621912824172,6.206519048621129,0.0,0.0,0.0,0.0,0.0,0.0,0.0,0.0,0.0,0.0,0.0,0.0,0.0,0.0,0.0,2546.48917508221,2553.61045679448,2563.9967604249114,2528.2677267248555,2547.7782350324355,2551.831867824822,2554.310529198603,2537.35017801852,44.91975301604949,0.4258601749809821,3.1919478188647763,-0.6971017078322125
543,5.4399999999999284,-2.287966728830591,5.78045933113351,1.7435934085902463,0.7595134993406022,0.5425686415522938,0.17630953878856234,0.31252753487597856,-9.279553016786847,-9.329089772772996,3.1755689567914356,0.730410108878932,2.8325440927896954,-0.669031180366329,30.181021245024198,-31.003375306770664,6.063442271590169,0.0,0.0,0.0,0.0,0.0,0.0,0.0,0.0,0.0,0.0,0.0,0.0,0.0,0.0,0.0,2556.100198840274,2550.8098099051062,2546.282924495913,2561.5914484384307,2555.3720835779673,2551.915824928634,2553.6829146464406,2555.104606894872,45.05552231391415,0.6558618228599077,2.9357154226582027,-0.6861658651072013
544,5.449999999999928,-2.3792378103710004,5.685639863648093,1.7756453261299445,0.7561328859090982,0.5398438684251283,0.19018059816802574,0.3172743239706347,-8.973165807503769,-9.633064805936327,3.2343295846034605,0.5799552178493176,2.9967685523647423,-0.6704110591067428,31.060561273031695,-29.941498112165732,5.758223439763732,0.0,0.0,0.0,0.0,0.0,0.0,0.0,0.0,0.0,0.0,0.0,0.0,0.0,0.0,0.0,2545.1844634581585,2553.475459573381,2564.01968849314,2526.465639085163,2546.752679905016,2551.428623845106,2554.45457041768,2535.511782159801,44.970225155248606,0.4865214675970815,3.188596361167365,-0.6903366350967306
545,5.459999999999928,-2.4673949057846416,5.58782825786103,1.8082735895746078,0.7526336887461852,0.5366991030045646,0.2042087185522697,0.32217293906479216,-8.656461821556816,-9.92777764084155,3.2910053422626304,0.6306561960282234,2.9621562505820407,-0.6717901376519774,32.14257680023458,-29.0617342045163,5.573542279030175,0.0,0.0,0.0,0.0,0.0,0.0,0.0,0.0,0.0,0.0,0.0,0.0,0.0,0.0,0.0,2553.3256714222357,2550.436549351568,2548.9161795851,2550.146726710284,2552.712735533052,2551.26958345549,2553.0428578105025,2546.543074708193,44.94979615941366,0.5427301366115515,3.103095839926611,-0.6999290484541095
546,5.469999999999928,-2.552334919307291,5.487117556532221,1.841456825663316,0.7489510794660111,0.5333324213624252,0.21828199613136182,0.3270806919634623,-8.329970667606045,-10.2126322856048,3.345198336287685,0.5627154350822813,3.06486720283655,-0.6729937477746156,33.0789454485938,-28.020246703452045,5.303381880632951,0.0,0.0,0.0,0.0,0.0,0.0,0.0,0.0,0.0,0.0,0.0,0.0,0.0,0.0,0.0,2546.6536685942206,2553.1907422899885,2558.5785731815618,2535.8152008915204,2548.190684969789,2551.416678091708,2553.7678298515702,2540.5156543713088,44.82444987998914,0.30197426582237774,3.4319617756770215,-0.7151588789398577
547,5.479999999999928,-2.6339624381536177,5.383610492629044,1.8751690205230354,0.7451038218658137,0.5296094448726217,0.23247845793333563,0.3320962166896962,-7.993942206946728,-10.487023129706449,3.396806999751236,0.562133586242833,3.077354923874038,-0.6749123072367669,34.03243751973317,-26.96492722256849,5.04322701344595,0.0,0.0,0.0,0.0,0.0,0.0,0.0,0.0,0.0,0.0,0.0,0.0,0.0,0.0,0.0,2550.0243465851036,2549.6840602044153,2549.9636546575057,2542.0391347095265,2549.7219606887165,2549.907537389381,2550.497386364501,2541.456990316471,44.78263067789164,0.32065142244773726,3.3946077784860327,-0.7261619791183318
548,5.489999999999927,-2.7121845266503897,5.277414805663747,1.90938309532962,0.7411376718683669,0.5253715818705964,0.2468228006163638,0.33731017979927486,-7.649012218693368,-10.750176065149953,3.4455364981148784,0.4397165706129221,3.235975132656712,-0.6782446145442163,34.898573106190156,-25.795375356267414,4.752640379438233,0.0,0.0,0.0,0.0,0.0,0.0,0.0,0.0,0.0,0.0,0.0,0.0,0.0,0.0,0.0,2542.882699139245,2551.842625698333,2560.540256652463,2522.559486078041,2544.4644548669767,2549.8899634254813,2553.0347192206214,2529.9239182259657,44.79694753246707,0.2652894072978882,3.542717627117265,-0.7170263189554206
549,5.499999999999927,-2.786912569927821,5.168646236785026,1.9440711112303635,0.7370514170493928,0.5204787714634398,0.26139853965660365,0.34282336639556177,-7.295079448656345,-11.001547916868715,3.491647797752441,0.39316281754996196,3.301387099579313,-0.6826141251928326,35.80530208478905,-24.600313332459933,4.499425428950765,0.0,0.0,0.0,0.0,0.0,0.0,0.0,0.0,0.0,0.0,0.0,0.0,0.0,0.0,0.0,2545.56211598769,2547.67881251562,2550.665349370793,2528.9204447048237,2545.435581039501,2547.5712860484123,2549.3121898254244,2530.262134702141,44.86666894671836,0.4047175503769431,3.411688855310172,-0.7053880226457617
550,5.509999999999927,-2.858055201578901,5.0574237488794385,1.9792080009678714,0.732781636235471,0.5150961362513091,0.2761320407419225,0.34850845052988305,-6.931903369032381,-11.24090898270387,3.5353298448391546,0.3386313764968358,3.408044996773408,-0.6862497356799454,36.73245114273804,-23.37995941337212,4.259416919424552,0.0,0.0,0.0,0.0,0.0,0.0,0.0,0.0,0.0,0.0,0.0,0.0,0.0,0.0,0.0,2542.4319079765114,2549.599806458749,2553.7324515879545,2528.3337324274776,2543.9401848074713,2547.915787823874,2550.435783395434,2531.920692262756,44.81689762758988,0.2583626882575917,3.584294108272053,-0.7186106475488235
551,5.519999999999927,-2.9255188475899585,4.943868950250957,2.0147699648955317,0.7282344287194369,0.5094432678921449,0.29097969428761683,0.3542216694943049,-6.559262511150096,-11.467978645664735,3.5766439413077475,0.38055260263584695,3.4059632104941113,-0.6883096492344355,37.67747842360247,-22.142039760248977,4.012704037534398,0.0,0.0,0.0,0.0,0.0,0.0,0.0,0.0,0.0,0.0,0.0,0.0,0.0,0.0,0.0,2546.295608374451,2547.3866929345018,2544.7172438292655,2543.3611718412394,2546.6043372311124,2547.0992695447444,2547.2213616454187,2541.236730883254,44.71529139143902,0.16390267379302192,3.7345759811663144,-0.7337183599073089
552,5.5299999999999265,-2.989212017431133,4.828107565436061,2.0507310102809866,0.7234324586349756,0.5035395300312341,0.30585894538321345,0.35992183181678056,-6.1779931570612865,-11.682076757305556,3.615055294679433,0.324963908447773,3.4861810066571177,-0.6907540453875233,38.50161800643015,-20.80904839728248,3.7050521852410867,0.0,0.0,0.0,0.0,0.0,0.0,0.0,0.0,0.0,0.0,0.0,0.0,0.0,0.0,0.0,2544.2796034021417,2548.3995721409656,2551.6586420937874,2532.3645520659747,2545.165917125758,2547.371212111103,2547.881810449334,2536.0806890076333,44.72631472202358,0.03121661018776095,3.8821928381198623,-0.7408635367867731
553,5.539999999999926,-3.0490531833085672,4.710273775770731,2.0870602265429223,0.7184162663434916,0.49707292851010204,0.3208803500491751,0.3658310715997031,-5.788978155905693,-11.882315861309237,3.6502483917454054,0.2552963207098258,3.5946276363275005,-0.6945782514709202,39.25028245283624,-19.386932360458076,3.3773723333974104,0.0,0.0,0.0,0.0,0.0,0.0,0.0,0.0,0.0,0.0,0.0,0.0,0.0,0.0,0.0,2541.3879267552156,2547.455569568101,2552.386294343205,2524.2065727957406,2542.315833490106,2546.19306055005,2548.0823335954938,2528.336805379229,44.700845681060784,0.030245436956542342,3.982521728209318,-0.7401645384288135
554,5.549999999999926,-3.104964926367739,4.5905086018617025,2.123725909370346,0.7131892791774742,0.48990643304582543,0.3360710105824747,0.3720336204870541,-5.392035175382706,-12.06830016013458,3.682401154662298,0.15527757725379573,3.7204876579565656,-0.6991817043593269,40.05232819206839,-17.939802067662214,3.084236997888734,0.0,0.0,0.0,0.0,0.0,0.0,0.0,0.0,0.0,0.0,0.0,0.0,0.0,0.0,0.0,2542.142088648549,2547.50992866442,2555.2129558769566,2521.1799258869873,2542.8496583130222,2546.6797111230976,2550.421800401244,2526.2094680411083,44.60545740941951,-0.28679580558489054,4.222868943564578,-0.7816288735166452
555,5.559999999999926,-3.1568684383150543,4.468957851343276,2.160698304145341,0.7076947015321495,0.48206614693700495,0.3514446518739965,0.37850640162327126,-4.987425835356032,-12.239282322454219,3.7115714652292557,0.10582796664211873,3.834701166795716,-0.7035847614693986,40.79642026810326,-16.40181413849895,2.780203606401077,0.0,0.0,0.0,0.0,0.0,0.0,0.0,0.0,0.0,0.0,0.0,0.0,0.0,0.0,0.0,2539.85147694832,2547.700154185454,2552.0298367790333,2523.789720639846,2541.339929569152,2545.9593971695354,2549.098685468572,2526.8779759757017,44.54467179698973,-0.31949601149966345,4.302535352743674,-0.7937010753022895
556,5.569999999999926,-3.2046911888567884,4.3457765037270795,2.1979465134366087,0.7019738179276135,0.47334399050911485,0.36697468691317076,0.38536710388669276,-4.57603587699863,-12.394231766930949,3.737557615203621,-0.07817830419117654,4.006489822316617,-0.710925404044547,41.43996645816639,-14.748525722561467,2.466083227136817,0.0,0.0,0.0,0.0,0.0,0.0,0.0,0.0,0.0,0.0,0.0,0.0,0.0,0.0,0.0,2541.74027846782,2545.687416938337,2556.760043249232,2508.4806960401897,2541.6745221544256,2545.4666822791046,2548.4846848494967,2516.733008759974,44.57911616576503,-0.34980690743655696,4.337842330321106,-0.793921620172105
557,5.5799999999999255,-3.2483679663136202,4.221129902176547,2.235439745291424,0.6960381209518458,0.4636183191476567,0.38263321711380677,0.3926586424538034,-4.158278021602525,-12.532190878173058,3.7606184125998796,-0.18039393953793353,4.1351907876187255,-0.7199710054258007,42.06045793828572,-13.01128665626372,2.1812973455892504,0.0,0.0,0.0,0.0,0.0,0.0,0.0,0.0,0.0,0.0,0.0,0.0,0.0,0.0,0.0,2540.714376639518,2543.912065659664,2549.4259787107944,2511.6891625591848,2541.1472299219768,2543.0149023329636,2545.4093760941355,2515.879751446278,44.583385915272025,-0.29107775785882795,4.440636409772563,-0.7817423095480411
558,5.589999999999925,-3.2878348588061814,4.095191155303074,2.2731500549080557,0.6898075550638835,0.45315650260567303,0.39835173305269916,0.40016323906237694,-3.7340372415004937,-12.65258256040756,3.7810012713098837,-0.2509098131561618,4.223908655951683,-0.728661062637072,42.7040271916419,-11.23053944656327,1.9171244385338682,0.0,0.0,0.0,0.0,0.0,0.0,0.0,0.0,0.0,0.0,0.0,0.0,0.0,0.0,0.0,2541.9877525403567,2543.1081445642235,2545.299449600978,2518.8225133285964,2542.305072146252,2542.5126352653533,2543.0879938828675,2521.5134294464015,44.71863580819508,-0.3771601080630821,4.387807685621175,-0.7865044402088996
559,5.599999999999925,-3.323028980025249,3.9681389700978977,2.3110504519805994,0.6831786632979232,0.44215761795983066,0.41414349660691363,0.4077360900297526,-3.303860576624686,-12.754765249558222,3.7985804041400293,-0.25863038418566003,4.3200115484845005,-0.7355481415448151,43.2634542435375,-9.3804225354841,1.620676951683997,0.0,0.0,0.0,0.0,0.0,0.0,0.0,0.0,0.0,0.0,0.0,0.0,0.0,0.0,0.0,2537.116250243744,2545.3563925637677,2544.0184014963875,2523.379652343332,2539.278374594599,2542.843468290143,2542.4298071236735,2525.3795376541057,44.72577921361478,-0.26039553912932106,4.491243769628376,-0.7693468646172746
560,5.609999999999925,-3.353891333308022,3.8401576131383446,2.349112026790103,0.6761671379870772,0.4307088793015565,0.4299084947754889,0.4152909208218206,-2.867634363899688,-12.838379820978089,3.8132335133242874,-0.3077412103543587,4.3487663199972,-0.7416773243787954,43.86648895466249,-7.51121037671254,1.3248782661117176,0.0,0.0,0.0,0.0,0.0,0.0,0.0,0.0,0.0,0.0,0.0,0.0,0.0,0.0,0.0,2546.843655744005,2542.6046090514283,2544.4631942424935,2530.662260570544,2545.8799014403835,2543.7131363119365,2543.7323835959514,2532.006337091183,44.89734029640721,-0.41447253590190614,4.438002267307041,-0.7764910791212449
561,5.619999999999925,-3.3803658304542616,3.7114350957570563,2.387303969864253,0.6687514430783644,0.41892530428441055,0.44561438249842583,0.42273031464678057,-2.4265731378786635,-12.902899372616657,3.824544028510111,-0.27236273329788546,4.413222866398849,-0.745950321181398,44.287156553226566,-5.578990758701607,0.9618784368394806,0.0,0.0,0.0,0.0,0.0,0.0,0.0,0.0,0.0,0.0,0.0,0.0,0.0,0.0,0.0,2539.8984757204953,2547.0466766927957,2545.104492130094,2534.0089548816804,2542.450617834675,2544.2489764840125,2544.7103708647746,2534.744433482947,44.89833922028766,-0.4121539496405424,4.566998302791008,-0.7739458689508208
562,5.629999999999924,-3.4024060387022077,3.5821638986937727,2.425590970971593,0.6609535917673646,0.4067946764924135,0.4612016642329768,0.4300598395758259,-1.9807008853676213,-12.948099146732236,3.8322417445828783,-0.3346937921785027,4.423313446946845,-0.749753254616083,44.76989661595332,-3.6400083537451167,0.5984404685981382,0.0,0.0,0.0,0.0,0.0,0.0,0.0,0.0,0.0,0.0,0.0,0.0,0.0,0.0,0.0,2552.193375836833,2544.3826324930965,2549.7497729577212,2538.3393499798353,2550.585396830318,2546.358440323221,2548.7336372475747,2539.9561812514644,45.07281635202535,-0.3070198930472072,4.420758224120562,-0.7595497251790763
563,5.639999999999924,-3.4199692520551452,3.4525389151895767,2.463935391064365,0.652832051197672,0.39422772726927424,0.47658881563027594,0.4373304389100694,-1.5315344902725556,-12.973572437063439,3.8359340807499036,-0.3600323561775896,4.4888586333624465,-0.7532420716163786,45.02048221122345,-1.647146542083533,0.17570693087920475,0.0,0.0,0.0,0.0,0.0,0.0,0.0,0.0,0.0,0.0,0.0,0.0,0.0,0.0,0.0,2547.6577588588375,2548.552723290469,2553.3269748805565,2536.130212781274,2548.983309289283,2547.092786244371,2551.146154133058,2538.5193573332663,45.1075697991403,-0.2278365307518015,4.469064019648276,-0.7550390299102998
564,5.649999999999924,-3.4330255954347524,3.322758982810529,2.502295926157763,0.6443234514610372,0.3814287704313885,0.4918112839819993,0.4443883931118286,-1.0792469927322665,-12.979086469804335,3.835448058276388,-0.32274719295720533,4.457067081049705,-0.7551691503218669,45.33530434171329,0.34752672305593535,-0.25209291773897746,0.0,0.0,0.0,0.0,0.0,0.0,0.0,0.0,0.0,0.0,0.0,0.0,0.0,0.0,0.0,2554.419260985707,2548.7318087269723,2549.302509107875,2552.0997143550935,2554.1556632645634,2549.2927790631365,2552.262370929308,2549.817809134813,45.205485712400616,-0.17583711029969593,4.366260081351496,-0.7479752695220161
565,5.659999999999924,-3.4415483693748636,3.193023695116697,2.5406284153560685,0.6354316799794125,0.36861328689626477,0.5068401230535896,0.45106974456850446,-0.6251396156892418,-12.96465077135529,3.8301929697622903,-0.26770918745394046,4.464615359761745,-0.7559296768985784,45.44626925751405,2.3396791454288746,-0.7616812001858264,0.0,0.0,0.0,0.0,0.0,0.0,0.0,0.0,0.0,0.0,0.0,0.0,0.0,0.0,0.0,2551.4562257009943,2553.0951377742267,2551.6755031896582,2552.9959453008473,2553.14878695731,2551.45619709,2552.6035602736047,2552.2565122335304,45.1701655547543,-0.18924637831063723,4.4778842588184045,-0.7589274321455624
566,5.6699999999999235,-3.4455246526328316,3.0635321544298435,2.5788820703264617,0.6261590687376233,0.35582105167973815,0.5216779825773725,0.45734919078660247,-0.1700111370332979,-12.93037003469036,3.8196057722293673,-0.21487071573855865,4.42053919116022,-0.7557789511625936,45.52501728434097,4.313340980008462,-1.3158625357880815,0.0,0.0,0.0,0.0,0.0,0.0,0.0,0.0,0.0,0.0,0.0,0.0,0.0,0.0,0.0,2556.880431463997,2551.968833264892,2551.5300935579658,2559.5980821227154,2556.6458362081707,2552.4335927284033,2554.048487490266,2557.40925736545,45.212765957446805,-0.18804845126858216,4.431743730957393,-0.7551391057261214
567,5.679999999999923,-3.4449507881456416,2.9344814752183295,2.617000491402056,0.616529205481611,0.34298509971222535,0.5363027552038193,0.46328427010249396,0.2845729434254773,-12.876519760516246,3.8030331654466316,-0.19451805874615574,4.448231512042058,-0.756161979149987,45.39976939479839,6.261361968816104,-1.9414016398782152,0.0,0.0,0.0,0.0,0.0,0.0,0.0,0.0,0.0,0.0,0.0,0.0,0.0,0.0,0.0,2553.5576875963247,2555.1680834351346,2556.390890010755,2551.5875947001764,2554.936795566593,2553.7657201322227,2555.3325064209353,2552.5107598396635,45.212765957446635,-0.21046386818475823,4.498103500137477,-0.7591989787201517
568,5.689999999999923,-3.4398371092823914,2.8060666464887247,2.654921477044183,0.6065287270793925,0.32999671256504626,0.5507288796601812,0.46895924559811764,0.7379056577440649,-12.803216456807387,3.780072537152802,-0.18208127497285326,4.44007363634346,-0.7565339128080657,45.25397947897702,8.200380795573281,-2.593607052225,0.0,0.0,0.0,0.0,0.0,0.0,0.0,0.0,0.0,0.0,0.0,0.0,0.0,0.0,0.0,2557.161113205518,2553.236488549432,2556.401252744833,2554.336391215979,2556.89843525971,2553.5744621201707,2557.028121650498,2553.8601660934014,45.212765957437085,-0.17394482974148426,4.465137913373144,-0.7603188058621513
569,5.699999999999923,-3.4302000679960423,2.6784812964999727,2.692579425587797,0.5961901806811817,0.31682935247433286,0.5649090213189862,0.47439880638810655,1.1890474564622335,-12.710658804215193,3.7503631307843666,-0.18655911511770337,4.467031115799924,-0.757062096190207,44.98574172463887,10.117742935445762,-3.284397788653415,0.0,0.0,0.0,0.0,0.0,0.0,0.0,0.0,0.0,0.0,0.0,0.0,0.0,0.0,0.0,2556.118644451599,2554.8855235313586,2559.2928305982796,2551.0460935509955,2556.7801858945963,2554.2340201059496,2558.264012955539,2552.080640626915,45.21276595744553,-0.11864867704653796,4.470893564886794,-0.7599474203724484
570,5.709999999999923,-3.4160667679529197,2.551917100742649,2.7299051325178794,0.5854994552190611,0.30348340111641614,0.5788561467806352,0.47959751304533577,1.6370102091458847,-12.599021007712295,3.713570153397337,-0.17000449300151474,4.46569439997982,-0.7577366712812571,44.62856696012318,12.014820346413657,-4.007500227989347,0.0,0.0,0.0,0.0,0.0,0.0,0.0,0.0,0.0,0.0,0.0,0.0,0.0,0.0,0.0,2557.1096406683264,2553.991119491917,2556.6391798656564,2553.6195739741706,2557.2412257343144,2553.840540477403,2557.2957036936305,2552.9828036591616,45.212765957446805,-0.06745012206105486,4.425120549122397,-0.7586731527473368
571,5.7199999999999225,-3.397473317378631,2.426563510649479,2.766826095996453,0.5744695550561568,0.29005424390338747,0.592569585062998,0.48447347994031825,2.080938250415037,-12.4685944763411,3.669353597713352,-0.1353242905875039,4.46859868146191,-0.7582992749947209,44.18764452794566,13.87809861817857,-4.7667534440281045,0.0,0.0,0.0,0.0,0.0,0.0,0.0,0.0,0.0,0.0,0.0,0.0,0.0,0.0,0.0,2555.871088744459,2555.0921969000924,2555.740589310909,2554.6573146346595,2556.709467169505,2554.2287187777333,2556.477198740737,2553.946630153187,45.212765957446805,-0.04614793893276119,4.452139402450019,-0.7586564138627988
572,5.729999999999922,-3.374464194861292,2.3026065961785114,2.803266174923761,0.5631140678229855,0.2766056213200024,0.6060502850509911,0.4889733416697049,2.5200109783898363,-12.31975873285746,3.6173290792499704,-0.0933258977494551,4.4492204243481535,-0.7586156344541696,43.666323624862,15.698416786790403,-5.564634573578697,0.0,0.0,0.0,0.0,0.0,0.0,0.0,0.0,0.0,0.0,0.0,0.0,0.0,0.0,0.0,2556.7474499478826,2553.9674294606266,2553.8123354224663,2556.831639976006,2556.9861044667878,2553.7065197367965,2555.289549530375,2555.38002954049,45.21276595744679,-0.033942595247054806,4.443582485392367,-0.758765875391088
573,5.739999999999922,-3.347091901470817,2.1802280981180795,2.8391454217790453,0.5514488991673004,0.26314177611080947,0.6192854162319024,0.4930984592501791,2.953441835816898,-12.152990516995688,3.557128171686919,-0.06183189263964929,4.451333622203173,-0.7587759434739321,43.066744197747916,17.470814459906947,-6.398068014695557,0.0,0.0,0.0,0.0,0.0,0.0,0.0,0.0,0.0,0.0,0.0,0.0,0.0,0.0,0.0,2555.7268081408497,2554.9450188144415,2555.7080534028373,2554.98236851336,2556.4877032300737,2554.177118581628,2556.035917465068,2554.661809999897,45.21276595741453,-0.03740598100487813,4.470671504607316,-0.7593901959089632
574,5.749999999999922,-3.315416792585141,2.0596050492335056,2.8743803529119396,0.5394685334948848,0.2496185079599746,0.6322706585581125,0.4968884343383383,3.3804430327175474,-11.968745344346937,3.488414231907941,-0.03934026435600563,4.447749458612667,-0.758870254682903,42.38849905961084,19.1975539861744,-7.262870045183778,0.0,0.0,0.0,0.0,0.0,0.0,0.0,0.0,0.0,0.0,0.0,0.0,0.0,0.0,0.0,2556.4921843283305,2554.177276487566,2556.0146943252744,2554.6781509491148,2556.736065594623,2553.9300744692564,2556.4704015081616,2554.225451387923,45.212765957446805,-0.02080548376302636,4.468798370764199,-0.7597197153589698
575,5.759999999999922,-3.2795070802744797,1.9409098780930263,2.908884396016397,0.527182826722145,0.23600279280248096,0.644982364437753,0.5003785552588798,3.8002315058818446,-11.76749177471295,3.410908523602186,-0.02926464837576407,4.4582404143376575,-0.7589737080267079,41.63171862481851,20.877967481549575,-8.153149050974307,0.0,0.0,0.0,0.0,0.0,0.0,0.0,0.0,0.0,0.0,0.0,0.0,0.0,0.0,0.0,2556.244313979996,2554.5015560339375,2557.6142125015995,2553.0004066828315,2556.689386218948,2554.0563114235056,2557.3779503980413,2553.2372517978743,45.21276595744568,0.013992640777987949,4.470573026271764,-0.7595613650542348
576,5.769999999999921,-3.2394388380323322,1.8243103974066803,2.942568428457084,0.514588873756272,0.22227781615361086,0.6574149635912866,0.5035835870026947,4.212018586735583,-11.549685989668447,3.3243744946854368,-0.015400014228118045,4.462664790444207,-0.7590883402756963,40.796562486629995,22.51146984353447,-9.06605039988495,0.0,0.0,0.0,0.0,0.0,0.0,0.0,0.0,0.0,0.0,0.0,0.0,0.0,0.0,0.0,2556.5386521721653,2554.2418692308315,2557.1989022998337,2553.3816907584983,2556.844396601111,2553.933688232005,2557.407590673256,2553.1749974386685,45.212765957446805,0.0552970101452238,4.449838830154337,-0.7590054260696807
577,5.779999999999921,-3.1952959421818528,1.709969655868317,2.9753410537657423,0.5016977693554315,0.20847749864564613,0.6695687369607017,0.5064722966432511,4.615036868739447,-11.315833107218047,3.228589232184256,0.008603267790979386,4.466133382583229,-0.7591524572894578,39.88602591036994,24.09175902667471,-10.001553668455898,0.0,0.0,0.0,0.0,0.0,0.0,0.0,0.0,0.0,0.0,0.0,0.0,0.0,0.0,0.0,2556.1143964672397,2554.6325567001254,2556.5800582807515,2554.0346659768757,2556.677634227682,2554.065800537939,2557.0400991726756,2553.5778815381263,45.21276595744619,0.08681253509908443,4.450927121369078,-0.7585174808148966
578,5.789999999999921,-3.1471697835294097,1.598045345401247,3.0071086007693766,0.488526826191995,0.19464588276168948,0.6814459201152158,0.5090048903232914,5.0085526582886875,-11.066500815088947,3.123320179624001,0.040665588979929446,4.4586492454343745,-0.759106771054863,38.90412522473241,25.611872212094156,-10.960289329102313,0.0,0.0,0.0,0.0,0.0,0.0,0.0,0.0,0.0,0.0,0.0,0.0,0.0,0.0,0.0,2556.3633237538234,2554.3026849079815,2555.361999888143,2555.3335446212413,2556.7629028493566,2553.9011969782855,2556.2859482220656,2554.412063529413,45.004981232691996,-0.2044261689729186,4.172673187247278,-0.7223327561470052
579,5.799999999999921,-3.095158862922835,1.4886891119688188,3.0377750958894083,0.4750941806915422,0.18080749334368268,0.6930414138177833,0.5111631525816923,5.39187677260464,-10.80232705809288,3.0083427136840917,0.07209927493427815,4.455280147819771,-0.7589458629935283,37.85465850702785,27.066458789002823,-11.940794675666666,0.0,0.0,0.0,0.0,0.0,0.0,0.0,0.0,0.0,0.0,0.0,0.0,0.0,0.0,0.0,2556.0373216764506,2554.5724032490634,2555.594866491185,2555.157685366307,2556.592499915234,2554.020587223817,2556.2365037570994,2554.5127267190046,44.6869026812728,-0.4329672011621142,3.7591819042958114,-0.6949383155035269
580,5.809999999999921,-3.0393732374147087,1.3820428513694543,3.067242937085065,0.46168319702702676,0.16692746089373756,0.7040056393363606,0.5131860366037598,5.763162473124485,-10.524788463508516,2.883649739459919,-0.05640433725032751,4.328427095813363,-0.7560356960850371,36.583135535258826,28.338917755439397,-12.890151676052675,0.0,0.0,0.0,0.0,0.0,0.0,0.0,0.0,0.0,0.0,0.0,0.0,0.0,0.0,0.0,2564.362858374372,2529.884428349503,2551.032420791669,2553.4994027643306,2557.010076498292,2536.696771960798,2551.308739759074,2552.7874450527543,44.58763102598136,-0.5419494632582478,3.6315549981615645,-0.6803718338186544
581,5.81999999999992,-2.979941676408149,1.2782317659952125,3.0954183656978875,0.44883723308066936,0.153123796398764,0.7138033188625543,0.5153475168832401,6.12089360257096,-10.235561498030718,2.750045713963204,-0.2274142293030374,4.077182692862858,-0.7503949684560437,35.19504454572253,29.441948656874217,-13.72959686217401,0.0,0.0,0.0,0.0,0.0,0.0,0.0,0.0,0.0,0.0,0.0,0.0,0.0,0.0,0.0,2567.0983733375315,2505.5992713407763,2537.4571680066656,2552.8544548570508,2556.4973741062627,2515.660746710973,2539.7896132403685,2549.6118222011696,44.422654674747704,-0.6576297466281877,3.414682177000978,-0.6637775311191306
582,5.82999999999992,-2.916997429324194,1.1773693669095255,3.122217844455878,0.4367070669992894,0.13950752392419272,0.7223767027861442,0.5176837718851518,6.465925356752043,-9.935049899233725,2.608630519914761,-0.3666676922173099,3.8850344710024887,-0.7436086758445057,33.964797077009834,30.558575078787342,-14.465838744632808,0.0,0.0,0.0,0.0,0.0,0.0,0.0,0.0,0.0,0.0,0.0,0.0,0.0,0.0,0.0,2558.5669699595387,2506.744696040602,2537.3441287386195,2548.105072845816,2552.4232922549013,2512.887898481201,2538.156070033127,2546.8067417852226,44.33630617943593,-0.7689198927231875,3.2921995498114383,-0.6463313785087841
583,5.83999999999992,-2.8506656221266233,1.0795652478588202,3.1475683626016275,0.42519626824431045,0.12608080804690786,0.7298792428179467,0.5201807899344727,6.798341820921306,-9.62410282124007,2.4604222392404664,-0.4966674461416829,3.6792203163733173,-0.7359665725016542,32.69175503848043,31.55322635561042,-15.10030270746121,0.0,0.0,0.0,0.0,0.0,0.0,0.0,0.0,0.0,0.0,0.0,0.0,0.0,0.0,0.0,2552.8387642516022,2501.794727579665,2531.983304386261,2545.6362329972185,2546.0381850505587,2508.487033093788,2533.689550096001,2543.270557809636,43.97430958850247,-0.887592583533023,2.8037149850547114,-0.6282154744696173
584,5.84999999999992,-2.781071611048233,0.9849199843049279,3.17140671445692,0.41427245238914256,0.11285746142603494,0.736391138001797,0.52284760730482,7.118449265662788,-9.303344735224428,2.3063376469821573,-0.6182846015865006,3.511934362654834,-0.7274282408540903,31.475831788315922,32.51228788357707,-15.650256491799741,0.0,0.0,0.0,0.0,0.0,0.0,0.0,0.0,0.0,0.0,0.0,0.0,0.0,0.0,0.0,2546.4419967214276,2501.708816138907,2532.1017970491685,2541.8113841961544,2541.0334553831444,2507.2012974620625,2532.811318674386,2540.610182079057,43.590704088200326,-1.1339279940392173,2.1669979517635642,-0.613923763464655
585,5.8599999999999195,-2.7083425645163905,0.8935235589413967,3.193679313861638,0.4041334136803851,0.10000065849275057,0.7418494422834387,0.5256761904745221,7.4251279396091485,-8.974742769810344,2.1474829121219954,-0.7395087828954949,3.1992445561461076,-0.7179233053718918,30.099748590040498,33.206048920110476,-16.071595170053854,0.0,0.0,0.0,0.0,0.0,0.0,0.0,0.0,0.0,0.0,0.0,0.0,0.0,0.0,0.0,2545.9440314554327,2480.513299630644,2512.066601873845,2543.1955357217444,2535.458481384303,2490.5936011388876,2517.1040211689824,2536.966918904322,43.67964468221797,-1.047573222548853,2.036928232194277,-0.6417852614903884
586,5.869999999999919,-2.6326148871957353,0.8054447246809431,3.2143449926599668,0.3953577799343368,0.08785391524571208,0.7459160655242129,0.5287562185112057,7.718283515122661,-8.640055435573242,1.9852048359811956,-0.923676648361587,2.7462665721286332,-0.7077404136095417,28.781040778316225,33.75585109729329,-16.343488915802283,0.0,0.0,0.0,0.0,0.0,0.0,0.0,0.0,0.0,0.0,0.0,0.0,0.0,0.0,0.0,2548.718218668972,2454.4565447679115,2492.7426050615113,2541.1996270730237,2533.6413073372096,2469.4625400280834,2499.3124416271876,2533.351113210528,43.63849826011725,-1.084676400494694,1.7922503446354576,-0.6495555831051755
587,5.879999999999919,-2.55401064513168,0.7207474222463667,3.233375632836489,0.3879544235146214,0.07650912368927656,0.7487471742508153,0.5319919062534282,8.001025475348676,-8.29814673541057,1.8206031173559716,-0.9716532232373971,2.4421279813978956,-0.7004299077241615,27.8569288289523,34.519173161079664,-16.54079669813413,0.0,0.0,0.0,0.0,0.0,0.0,0.0,0.0,0.0,0.0,0.0,0.0,0.0,0.0,0.0,2537.2244308976287,2475.814487701933,2496.169189892596,2536.3762020827407,2532.1446951610865,2481.7443217463797,2500.9561033315385,2531.363522728919,43.617679414692084,-1.0628990706911354,1.560284815728714,-0.6621728178817875
588,5.889999999999919,-2.4726258101311878,0.6395036665009505,3.2507522874296044,0.3815720904551915,0.06585248168200736,0.7507423979939423,0.5352121469999361,8.274412708432193,-7.949594547759962,1.6545604185976195,-1.0215186616240444,2.1589256686979974,-0.6953916018784094,26.933035458263532,35.12636884879061,-16.645238514659155,0.0,0.0,0.0,0.0,0.0,0.0,0.0,0.0,0.0,0.0,0.0,0.0,0.0,0.0,0.0,2533.1962084244296,2480.085307566287,2495.2797136260897,2533.0021758292173,2526.962296464192,2486.6503418381794,2500.066892009477,2527.908531718495,43.62346565359049,-0.9862529511918406,1.4017016537207725,-0.6793984148006049
589,5.899999999999919,-2.388551741559755,0.561774597053126,3.2664646620862037,0.3761441977928542,0.055865568235394625,0.7520225275812065,0.5383834124143132,8.539000033939075,-7.595319145025944,1.48785749616146,-1.0360879472468094,1.8990873215437474,-0.6921176312370444,26.086458823476377,35.668066925781616,-16.682378529199624,0.0,0.0,0.0,0.0,0.0,0.0,0.0,0.0,0.0,0.0,0.0,0.0,0.0,0.0,0.0,2530.4680337551226,2484.1822699407985,2493.247887329001,2531.2642719234736,2525.168185873771,2489.763707607878,2498.375333099095,2525.92963108447,43.827093898019946,-0.9357606894361103,1.3636597938751371,-0.6924843964401892
590,5.909999999999918,-2.3018723395420198,0.48761458121592527,3.2805090904759227,0.37155180557407974,0.04653293919036314,0.7527795557518,0.5413934630073307,8.795613799985375,-7.235870220046981,1.3210430680794778,-1.0074536473560902,1.6841794294343837,-0.6908681587781589,25.32300591527914,36.160112849872306,-16.675395900310306,0.0,0.0,0.0,0.0,0.0,0.0,0.0,0.0,0.0,0.0,0.0,0.0,0.0,0.0,0.0,2526.179041612608,2491.7751424489165,2492.8325916492468,2529.0184856280584,2522.9791025080203,2495.2176372174645,2497.772227331757,2523.9927595274253,44.126032140274525,-0.9350631067258968,1.3150303117370516,-0.7070681682610898
591,5.919999999999918,-2.2126605361327054,0.4170767610442582,3.2928855320808514,0.3675709163688053,0.03773387908833384,0.7532186463357617,0.5441777711565098,9.045731385338822,-6.8707549446136955,1.1542606813331888,-0.9702510565549298,1.547349135235927,-0.6912582691694888,24.72550466268153,36.743610155849815,-16.670116774845532,0.0,0.0,0.0,0.0,0.0,0.0,0.0,0.0,0.0,0.0,0.0,0.0,0.0,0.0,0.0,2525.8662772793964,2505.3980635691646,2502.562941720738,2528.4378294471403,2524.882419988731,2507.0429530966603,2505.795598237992,2525.72117297273,44.41851620023887,-1.0718773079497037,1.4059744216551444,-0.6891953673019013
592,5.929999999999918,-2.120975087576372,0.3502208568346433,3.3035942470301047,0.36399088847640265,0.029295438180858297,0.7534483385832305,0.5467796736292604,9.290476099759097,-6.499431787452006,0.987498277868403,-0.9515465010942812,1.4479087649054474,-0.6931266244207493,24.216456410965037,37.370157497722545,-16.66623477165985,0.0,0.0,0.0,0.0,0.0,0.0,0.0,0.0,0.0,0.0,0.0,0.0,0.0,0.0,0.0,2532.8687603393782,2517.2819930060296,2513.991493337346,2531.8629342187437,2531.8795334382003,2519.1640806464898,2516.37037171333,2530.325564602965,44.534305086239435,-0.9480763747252601,1.2773908535008085,-0.7058590874151855
593,5.939999999999918,-2.0268674489366036,0.28710909228523246,3.3126358079013523,0.36059851469161436,0.02096630582933842,0.7534529499622387,0.5493976496266365,9.530170281506718,-6.121950141896353,0.820859226160854,-1.008863700031622,1.4334524374505069,-0.6939375107339419,23.70959140464457,37.98157878578046,-16.645341358139664,0.0,0.0,0.0,0.0,0.0,0.0,0.0,0.0,0.0,0.0,0.0,0.0,0.0,0.0,0.0,2537.352795078351,2526.8134997265706,2533.871857948099,2531.425685691441,2536.678567551144,2528.1864777699434,2532.320356914458,2533.9935526898794,44.75067901244875,-0.8990374545364346,1.3076164594631727,-0.7105568023466263
594,5.949999999999918,-1.9303912322127996,0.22779875242109238,3.320013011422286,0.35732357822226724,0.012719232906752307,0.7532949739135554,0.5520006918811563,9.764052688340099,-5.739368273256185,0.6546753821448454,-0.9731158384228066,1.365259266774317,-0.695350239155432,23.105673883085487,38.44618608314043,-16.59110477286896,0.0,0.0,0.0,0.0,0.0,0.0,0.0,0.0,0.0,0.0,0.0,0.0,0.0,0.0,0.0,2541.698929113764,2531.7033483595906,2529.171218115698,2541.047973553656,2541.0688017997268,2532.7470300911605,2532.256691470041,2538.2992256425428,44.94028145336449,-0.8478377885897982,1.3461289054365764,-0.7118446081505281
595,5.959999999999917,-1.831604724961391,0.17233899900252173,3.3257306974341456,0.3541960246892581,0.004656840062786471,0.753092542967893,0.554414205861564,9.992317568137443,-5.3517665883371155,0.4889280717381846,-0.9355155450342678,1.343542015512346,-0.6974373747566786,22.561104658931797,38.957801043568274,-16.554240944590624,0.0,0.0,0.0,0.0,0.0,0.0,0.0,0.0,0.0,0.0,0.0,0.0,0.0,0.0,0.0,2543.9726487468765,2541.9917757536095,2536.8543676749496,2544.9430705963455,2545.051020301808,2541.4761081948795,2538.1773129777,2544.286355459636,45.02129138232153,-0.8719693096778647,1.3177585184636809,-0.7043426930426429
596,5.969999999999917,-1.7305631120125846,0.12078005719590863,3.3297925503179293,0.3510782662602844,-0.0033156618859963736,0.7529309362880954,0.5566220104579614,10.215056745545745,-4.959259019682094,0.32348385575274446,-0.8911066887059219,1.3469468566743372,-0.6995461999137063,22.005275531297386,39.4362248369573,-16.531524418581355,0.0,0.0,0.0,0.0,0.0,0.0,0.0,0.0,0.0,0.0,0.0,0.0,0.0,0.0,0.0,2546.7917129489474,2549.892277704913,2544.2212482862055,2548.5060357465286,2548.2645742233058,2548.8930758525385,2545.0582357289913,2548.298418455129,45.08645344519612,-0.8985482572089648,1.3059059069612553,-0.7004306450907465
597,5.979999999999917,-1.6273235649318836,0.07316733093229069,3.332201144349201,0.34794944816975926,-0.011238876329977807,0.7527811505338146,0.5586818491576273,10.431820418399118,-4.562673770739474,0.15827467714496837,-0.8808050091536932,1.3355290153627724,-0.7008801239840243,21.392155000116375,39.81417225475159,-16.50898482027993,0.0,0.0,0.0,0.0,0.0,0.0,0.0,0.0,0.0,0.0,0.0,0.0,0.0,0.0,0.0,2551.120279853935,2549.1287017342033,2547.9370432323176,2551.0118177913705,2550.84140599901,2549.548206858806,2548.48977721342,2550.8165819982887,45.09242100532076,-0.9004452103551065,1.3005219873064238,-0.7084855483533431
598,5.989999999999917,-1.5219473977788052,0.029538602840239212,3.3329587928302313,0.34483952105565246,-0.01913006064621477,0.7525586738658654,0.5606917048494926,10.642362036036896,-4.1625030233753035,-0.006703871732899696,-0.8871244330127369,1.3246154094244462,-0.701508457902411,20.766101236956658,40.16314785010966,-16.48552056109815,0.0,0.0,0.0,0.0,0.0,0.0,0.0,0.0,0.0,0.0,0.0,0.0,0.0,0.0,0.0,2553.8423796008574,2549.4031790114072,2551.207001971412,2552.2397964296515,2553.3913315546783,2549.9887165210453,2551.2998487154246,2552.3942239822486,45.176483841796376,-0.8766688474031019,1.3475918081110625,-0.707699329565501
599,5.9999999999999165,-1.4144980110219616,-0.010072573746538058,3.33206807520652,0.34174210128136673,-0.027003947386656135,0.7522474333885505,0.5626783468356263,10.846418250968616,-3.7592521788974183,-0.17138623321238772,-0.8905757026770648,1.3160845072134753,-0.7025367943922719,20.10875452981331,40.453136583410206,-16.45367876542883,0.0,0.0,0.0,0.0,0.0,0.0,0.0,0.0,0.0,0.0,0.0,0.0,0.0,0.0,0.0,2554.415141330993,2550.343086837994,2551.158014153329,2551.7816985310287,2554.199742594906,2550.5952531049934,2551.238682025621,2551.7157109964623,45.16086024602359,-0.815320381510145,1.398036848838887,-0.6989679724926031
600,6.009999999999916,-1.3050400239060107,-0.04563517823543045,3.3295318104111327,0.33860870215213457,-0.03488510005650055,0.7518943962489268,0.5646078227498771,11.04412222790293,-3.35271408418756,-0.33583705646625245,-0.8807586769684006,1.3324301328851045,-0.7036520601687312,19.47968901580488,40.79448816355979,-16.436544206196057,0.0,0.0,0.0,0.0,0.0,0.0,0.0,0.0,0.0,0.0,0.0,0.0,0.0,0.0,0.0,2554.083293224355,2554.9942392878556,2554.7056566183032,2553.0142873637883,2555.015510890094,2554.2443545946503,2554.536168341591,2553.4649570073752,45.20839440585735,-0.8425647558266812,1.3671845375183307,-0.7058595334066006
601,6.019999999999916,-1.1936378656140914,-0.07711776921846619,3.325351965021416,0.3353654937684212,-0.04279606010737931,0.7515886760027061,0.5664035177620702,11.235175266861562,-2.9433825418999793,-0.500115437415198,-0.846023716958033,1.3632437555036476,-0.7039547373385457,18.799225028871547,41.047432663670946,-16.42516605723032,0.0,0.0,0.0,0.0,0.0,0.0,0.0,0.0,0.0,0.0,0.0,0.0,0.0,0.0,0.0,2550.574263964146,2556.5156997391605,2554.9947811253523,2553.4654020321163,2552.1393933432046,2554.8512451833,2555.029026088282,2553.4736111259017,45.1909377513673,-0.8724586260184928,1.3325735172034174,-0.7021218590037306
602,6.029999999999916,-1.08035863337376,-0.10449323856634077,3.3195292848290987,0.3320348657074899,-0.05072320010832701,0.7513077757484448,0.5680815355433624,11.419562342189812,-2.5312363055845832,-0.6644401251950414,-0.8430849719828277,1.3660490856669882,-0.7044524781245229,18.13659050412575,41.337412948710735,-16.437251238076822,0.0,0.0,0.0,0.0,0.0,0.0,0.0,0.0,0.0,0.0,0.0,0.0,0.0,0.0,0.0,2555.522634568752,2554.9823974616097,2555.115685274559,2554.9907461604957,2555.333657874354,2555.324204524613,2555.2853816926,2554.9258341137433,45.17944043426253,-0.8962767405832951,1.3264443462929192,-0.7034228838572576
603,6.039999999999916,-0.9652694877027176,-0.12773442974271743,3.3120629119198144,0.3286995744056253,-0.05864019701422969,0.7509471932105799,0.5697334728527411,11.597115156150682,-2.1166208259507227,-0.8288434155757729,-0.8548119147600379,1.353085974899714,-0.7048253399972195,17.44507197735423,41.56539970011907,-16.44264475994095,0.0,0.0,0.0,0.0,0.0,0.0,0.0,0.0,0.0,0.0,0.0,0.0,0.0,0.0,0.0,2557.1930015283237,2551.926014272502,2554.65785693824,2555.1978009098084,2556.346007694752,2552.694553689603,2554.742920107992,2555.1107480518513,45.18581842690364,-0.8732424793310203,1.378995868524569,-0.7112100573218919
604,6.0499999999999154,-0.8484393866246892,-0.1468182140906915,3.3029523180053126,0.32538016418526494,-0.06654441204920451,0.7504673554046682,0.5714003311617164,11.767751920252739,-1.6997677237152398,-0.9932766225957909,-0.8719024268311307,1.3435475481184107,-0.705146930328985,16.75270945311169,41.78550588020968,-16.4435024667664,0.0,0.0,0.0,0.0,0.0,0.0,0.0,0.0,0.0,0.0,0.0,0.0,0.0,0.0,0.0,2557.1285134166797,2551.4489845153876,2554.8375255446554,2554.243741953388,2556.555146897259,2551.9844485033173,2554.6228424896453,2554.431070648947,45.143070796241325,-0.7798791059503528,1.4510222329559412,-0.701640226451038
605,6.059999999999915,-0.7299374160153163,-0.16172219354059603,3.2921973305619336,0.322020371053792,-0.07446851403112022,0.7499161722825313,0.5730471669884531,11.931489050242261,-1.28065236642655,-1.1577291937782512,-0.8689394486337658,1.3616646721500294,-0.7060716847717757,16.0614714090368,42.0118628613475,-16.448088892282886,0.0,0.0,0.0,0.0,0.0,0.0,0.0,0.0,0.0,0.0,0.0,0.0,0.0,0.0,0.0,2554.84419081346,2555.077224873935,2555.6252485448317,2552.7359295471633,2555.662517552514,2554.291352388742,2555.142134281141,2553.220080787746,45.2014035325252,-0.8200231150692221,1.403769127748435,-0.7115040490292417
606,6.069999999999915,-0.6098333296057575,-0.17242508907363116,3.279797496322392,0.3185344145864079,-0.08243538528416022,0.7494280430727404,0.5745414190755174,12.088135346678627,-0.8596307365739122,-1.322272253632761,-0.8221449573388887,1.4030387401339177,-0.7064154596342618,15.344062850202178,42.185729109962985,-16.46645812191494,0.0,0.0,0.0,0.0,0.0,0.0,0.0,0.0,0.0,0.0,0.0,0.0,0.0,0.0,0.0,2548.848795022201,2557.3488825537474,2554.8147810904684,2552.6867025689244,2551.0195864036828,2554.9964592412584,2554.8471752359746,2552.616779118344,45.154664313532,-0.8879526095724272,1.3725774746078816,-0.7071518536313873
607,6.079999999999915,-0.488197747566557,-0.1789068749364354,3.265750421019606,0.31495037258845815,-0.09042289995291893,0.748985875901071,0.5758907185145472,12.237830152294999,-0.43632571202879183,-1.487226754774862,-0.8203895435177786,1.4040295278757586,-0.7071641134903047,14.656076597217904,42.43200961853138,-16.51736162169426,0.0,0.0,0.0,0.0,0.0,0.0,0.0,0.0,0.0,0.0,0.0,0.0,0.0,0.0,0.0,2555.5396008337184,2554.9831723897923,2554.5803085474217,2554.665944444534,2555.164528516692,2555.547572641392,2554.8427322516413,2554.523863454767,45.13189202147585,-0.9343185349861542,1.3592355152188815,-0.7074720118996872
608,6.089999999999915,-0.36510068913287935,-0.18114598343828872,3.2500516046834416,0.3113600898391192,-0.09841142962780766,0.7484327519674967,0.5772508126944009,12.380373171155622,-0.01123923681918991,-1.6525955315419012,-0.8508424388188935,1.3921021273140946,-0.7078191073624361,13.929609451844627,42.58226053676124,-16.552721001865,0.0,0.0,0.0,0.0,0.0,0.0,0.0,0.0,0.0,0.0,0.0,0.0,0.0,0.0,0.0,2557.2390518457996,2550.231833849214,2554.4782678888964,2553.0768386848163,2555.9121040433347,2551.3892633880914,2554.0245994768643,2553.4655511273063,45.163491251105775,-0.9024291613184845,1.4368301592947945,-0.7203678308283017
609,6.099999999999914,-0.2406144316305556,-0.17912641940133214,3.2326974914345024,0.3077774104237625,-0.10641082623222867,0.7477014414179444,0.57869884758391,12.515670977683264,0.41542053326434436,-1.818269136919493,-0.8877310021733321,1.3797650719645582,-0.7083132330279326,13.204395947662206,42.740762351912096,-16.578241589956466,0.0,0.0,0.0,0.0,0.0,0.0,0.0,0.0,0.0,0.0,0.0,0.0,0.0,0.0,0.0,2557.22156194882,2548.847190447269,2554.3743405603436,2551.901415109294,2556.1270978986026,2549.8574979147706,2553.8277208411787,2552.401110069662,45.10438134857196,-0.7753532252681712,1.532063205350161,-0.7054031013106367
610,6.109999999999914,-0.11481108883178165,-0.1728310631490261,3.213685324547596,0.3041351633172522,-0.11445657464319912,0.7468639447865235,0.5801687193677776,12.643799385624638,0.8439776312030979,-1.9842147091994038,-0.8903875243167304,1.407745225636034,-0.709757051680346,12.487231058118553,42.94015094075909,-16.608454777351287,0.0,0.0,0.0,0.0,0.0,0.0,0.0,0.0,0.0,0.0,0.0,0.0,0.0,0.0,0.0,2554.3843151213237,2555.032178952671,2555.7050779047113,2550.4975369990952,2555.5369822094717,2553.993887628526,2554.901529760956,2551.357523761443,45.17710125949131,-0.8306390116803017,1.4761712139538787,-0.718815492365323
611,6.119999999999914,0.012236660066005075,-0.16224260352983766,3.1930122115090143,0.30032822353063165,-0.12257771265963165,0.7461157179700066,0.5814542096400792,12.764495467386626,1.27390612417242,-2.1504848968241794,-0.8304157466635224,1.4645242422312916,-0.7103176045050728,11.732442733853432,43.049918333923245,-16.651517672244154,0.0,0.0,0.0,0.0,0.0,0.0,0.0,0.0,0.0,0.0,0.0,0.0,0.0,0.0,0.0,2546.0547750702613,2558.007128117369,2554.3527261424288,2550.976279833301,2548.9519573839193,2554.8527347409313,2554.3788250047223,2550.916304376679,45.09855736057351,-0.9481024174377781,1.4205239774417218,-0.7114926161074772
612,6.129999999999914,0.14045454940012278,-0.14734640629590712,3.1706730763891566,0.2963939327430875,-0.13074056338789275,0.7454409868615075,0.582559247480498,12.8778688192967,1.7056685414683994,-2.317483239180451,-0.8303371725565561,1.4700249761835398,-0.7113600769733752,11.006948478478051,43.258348454613404,-16.736907146207347,0.0,0.0,0.0,0.0,0.0,0.0,0.0,0.0,0.0,0.0,0.0,0.0,0.0,0.0,0.0,2554.6428007384934,2554.9352040259396,2554.018274389923,2553.3486650263735,2554.2110307570474,2555.6051201239115,2554.2194259984617,2553.294947230487,45.06644938229343,-1.0274915987807627,1.3928368639477948,-0.7099232113255861
613,6.1399999999999135,0.269768650974693,-0.1281260800587378,3.1466602665289662,0.292449112355412,-0.13891418155001395,0.7446098196276475,0.583723036517237,12.983670454628898,2.138526543434308,-2.485175913017464,-0.8853845482777286,1.4500392704566598,-0.7121647499589936,10.236317789201976,43.328850299822804,-16.79521372187409,0.0,0.0,0.0,0.0,0.0,0.0,0.0,0.0,0.0,0.0,0.0,0.0,0.0,0.0,0.0,2557.5180735133526,2546.878544857088,2553.5364137891333,2550.902297373218,2555.2304900861463,2548.895059657507,2552.73390479283,2551.5818635750543,45.128807544057196,-0.9681256098057888,1.5211528747244898,-0.7307391743161079
614,6.149999999999913,0.40010240480882747,-0.10457279198257584,3.1209679146703895,0.2885220360396651,-0.14710161925203616,0.7435052642428234,0.5850778327506216,13.081802012329753,2.572302878948835,-2.653358811213601,-0.9499859388488262,1.4272146862624113,-0.7125689937503771,9.46852938464815,43.4277109435448,-16.834588740785694,0.0,0.0,0.0,0.0,0.0,0.0,0.0,0.0,0.0,0.0,0.0,0.0,0.0,0.0,0.0,2557.686936021812,2544.4296061991095,2553.398493881427,2549.4675989639118,2555.7447676847255,2546.255409138522,2552.5133740808515,2550.2878847405964,45.07192743197013,-0.793519741078899,1.6224409922553236,-0.7093838011523436
615,6.159999999999913,0.5313795536024554,-0.07667439405516543,3.093591726564456,0.28451115354512696,-0.15535838125893625,0.7422517510185139,0.5864976683593675,13.172359448187501,3.007663827402556,-2.8219543255123054,-0.9529567625090648,1.4721957858409147,-0.7144777825103216,8.710181979489917,43.60622799127922,-16.880067362776696,0.0,0.0,0.0,0.0,0.0,0.0,0.0,0.0,0.0,0.0,0.0,0.0,0.0,0.0,0.0,2552.9433358528986,2555.255619783421,2555.715255376994,2547.60472689399,2554.912297767467,2553.5245584788427,2554.4665270120386,2548.960732963852,45.154638538312135,-0.8698598769724118,1.5687743328026456,-0.7275061629904629
616,6.169999999999913,0.6635232650435338,-0.04441667098356845,3.0645273293121655,0.28029743655346423,-0.16371936132249884,0.7411325203857718,0.5876664913165828,13.25505592324589,3.4439894241211952,-2.9910346192200463,-0.8709356990285099,1.5401112159080272,-0.7152249240062635,7.912658885780743,43.666567671142516,-16.942034519221938,0.0,0.0,0.0,0.0,0.0,0.0,0.0,0.0,0.0,0.0,0.0,0.0,0.0,0.0,0.0,2543.1537156748323,2558.951984123406,2553.3578823252333,2550.2145816475454,2546.8309391026114,2554.992839303177,2553.798121817559,2549.8008323950976,45.02633152277615,-1.0645184357316086,1.4785052453733356,-0.7149435120223869
617,6.179999999999913,0.7964547817715125,-0.007789551389151233,3.03376762417718,0.2759372857882942,-0.17213411497485956,0.7401243029261166,0.5885953423123064,13.329949832095863,3.881693340298281,-3.1610938928765844,-0.8711061533046964,1.5531220662719125,-0.7165914362033262,7.136580314609731,43.83047785025429,-17.0553580980215,0.0,0.0,0.0,0.0,0.0,0.0,0.0,0.0,0.0,0.0,0.0,0.0,0.0,0.0,0.0,2553.51839787938,2555.2744212510597,2553.506031086249,2552.0475713047367,2553.137886864411,2555.938825728883,2553.514323738493,2552.1981095831106,44.97312863531016,-1.2012193311156407,1.4058533417748045,-0.7082273933302916
618,6.1899999999999125,0.9300951265711379,0.03321720419039137,3.0013025571298098,0.27155080306217555,-0.1805733386296543,0.7388949418047009,0.589650486057508,13.396748533923345,4.319628930554908,-3.332036335504549,-0.9633426884723229,1.5218775345098632,-0.7174348395182729,6.31191608929349,43.79969416407725,-17.125339555991825,0.0,0.0,0.0,0.0,0.0,0.0,0.0,0.0,0.0,0.0,0.0,0.0,0.0,0.0,0.0,2558.052612319017,2542.1219001323275,2552.65830230407,2548.0636603194853,2554.3389407535433,2545.416061718227,2551.2755420712806,2549.2288489789307,45.09058954451511,-1.0849999602104399,1.623093526938733,-0.7433310273185415
619,6.199999999999912,1.0643623689797053,0.07860337831280813,2.967125092969397,0.26719904603768657,-0.18901459440252277,0.7372379414970284,0.5910654536653487,13.455328489615367,4.757659062880326,-3.503513420828111,-1.0734175307630678,1.4733312646380066,-0.717334076276852,5.488181245100421,43.82397739752619,-17.160963004797303,0.0,0.0,0.0,0.0,0.0,0.0,0.0,0.0,0.0,0.0,0.0,0.0,0.0,0.0,0.0,2559.151349645904,2536.7266269668476,2551.810146148844,2546.8076832694815,2555.5220658397816,2540.186536554615,2550.620931321892,2547.885842102939,45.10146797197851,-0.8564515365153673,1.649291515857007,-0.7149984478658097
620,6.209999999999912,1.1991747554004508,0.1283755980668119,2.931231009130282,0.26274049328485954,-0.1975399535490235,0.7353633151456976,0.5926096478106038,13.505784914243671,5.197060242011903,-3.6753788250733654,-1.0709353095704763,1.5444239404918385,-0.7197083360059846,4.67327815977292,44.00053552985561,-17.206783480482102,0.0,0.0,0.0,0.0,0.0,0.0,0.0,0.0,0.0,0.0,0.0,0.0,0.0,0.0,0.0,2550.8327500387345,2556.0882038078557,2555.919060042496,2544.0274145701305,2554.317655112249,2553.087464735658,2554.060591506161,2546.0688405750566,45.12613775931111,-0.9496747413835024,1.684803793048314,-0.738724915399931
621,6.219999999999912,1.334450104639293,0.18254780682561472,2.893615763359926,0.25809179566487295,-0.20616252320437842,0.7336646108834851,0.593819735082685,13.547883846121165,5.637488764500048,-3.8477940865015148,-0.9619911119767197,1.5911598187615483,-0.7208296807055393,3.83229831067311,44.0681525802864,-17.278323468659984,0.0,0.0,0.0,0.0,0.0,0.0,0.0,0.0,0.0,0.0,0.0,0.0,0.0,0.0,0.0,2543.995795505948,2559.6541849979653,2551.341801157933,2553.6380808403896,2547.620479915079,2555.8790542200463,2553.4638179615554,2551.804341341187,44.927739930702096,-1.2513399324911734,1.527481590558467,-0.7159042891295814
622,6.229999999999912,1.4701045564175483,0.24112742386061395,2.8542718113330623,0.253312262918642,-0.21482901189696355,0.7321180075310572,0.5947138943653208,13.581603046989978,6.078517548383456,-4.021182608083042,-0.9577423683986294,1.6344375221928114,-0.7227378328707146,2.991545637366144,44.12139988224251,-17.38961062891331,0.0,0.0,0.0,0.0,0.0,0.0,0.0,0.0,0.0,0.0,0.0,0.0,0.0,0.0,0.0,2550.7554543348765,2557.3397047569956,2553.916225022609,2549.401951667822,2551.3681670042442,2556.8739464524156,2552.7913741294074,2550.5282904307946,44.814233244194284,-1.5181940748302258,1.3498257171743233,-0.6957378612543677
623,6.239999999999911,1.6060531547191623,0.30411369655554843,2.813189370555673,0.24843856982789617,-0.22356449365607892,0.7302849803756304,0.5958028546725298,13.606650670106633,6.5185056104706,-4.195405401260271,-1.099529212686815,1.5878582737379667,-0.7234367266409202,2.110171358994606,43.95899665026981,-17.44881677882404,0.0,0.0,0.0,0.0,0.0,0.0,0.0,0.0,0.0,0.0,0.0,0.0,0.0,0.0,0.0,2558.3045544571387,2535.715015698576,2551.700463233518,2544.335800218968,2552.5333842507066,2540.8562547597026,2549.6651346967565,2546.0243282244937,45.05689222621115,-1.256413005633576,1.7196424285568026,-0.7561057370505018
624,6.249999999999911,1.742208070269639,0.37149367153470775,2.7703627191199445,0.24362181829844984,-0.23226130517593002,0.7277693230148906,0.59754071680964,13.6228492262487,6.957361776742326,-4.369911602623215,-1.2966196496321762,1.4856876834081592,-0.7218640778441976,1.2195566252906076,43.86560352695401,-17.443213280894376,0.0,0.0,0.0,0.0,0.0,0.0,0.0,0.0,0.0,0.0,0.0,0.0,0.0,0.0,0.0,2562.195459410938,2522.1063842259155,2549.161594251353,2543.1984339553583,2555.031532553685,2528.9998745198436,2547.4906480604577,2544.6222363599645,45.212765957446734,-1.0212935582491838,1.5767720014083815,-0.727263769583663
625,6.259999999999911,1.8784808200994236,0.4432671349603454,2.725790975898972,0.23868535951360034,-0.241032662034233,0.7249299910059115,0.5995073503525403,13.630212124404029,7.397682375027976,-4.544468772824592,-1.2644321989133471,1.5966779026386717,-0.7243655808977141,0.3300082971851026,44.09818724127934,-17.46342673048229,0.0,0.0,0.0,0.0,0.0,0.0,0.0,0.0,0.0,0.0,0.0,0.0,0.0,0.0,0.0,2547.190586839272,2558.4884721093167,2556.171033414157,2540.43868587256,2553.788977430353,2552.9551900733063,2553.8621693289692,2543.106235859349,44.88462474915757,-1.4067799535764083,1.5051600892191697,-0.7118323014750916
626,6.269999999999911,2.0147820523226763,0.5194533519614671,2.679471959773065,0.23362096019766787,-0.24986309488097502,0.7223074058448108,0.6010504905867396,13.62853172703097,7.839770133379742,-4.719428827419304,-1.1430458657247213,1.5861402593697667,-0.7264869619715061,-0.5720003537721396,44.24410297293413,-17.52093457451842,0.0,0.0,0.0,0.0,0.0,0.0,0.0,0.0,0.0,0.0,0.0,0.0,0.0,0.0,0.0,2550.4927005035324,2560.11752381416,2548.8766344942733,2560.8921335045584,2552.6366914096466,2558.1773863051176,2553.605475193127,2556.9396089125635,44.52083463567435,-1.9580468010506054,1.0698001236563208,-0.6449810710070598
627,6.2799999999999105,2.1510213881886426,0.6000540466723391,2.6314022584091306,0.22860483573643808,-0.25860695977379355,0.71955664072861,0.6025782191697853,13.617824001072739,8.27988728156434,-4.894482082551998,-1.2762380634809076,1.5537662049458896,-0.7262687412824302,-1.4793393342511507,43.91838797948644,-17.49995794422432,0.0,0.0,0.0,0.0,0.0,0.0,0.0,0.0,0.0,0.0,0.0,0.0,0.0,0.0,0.0,2554.519044675444,2536.276389785144,2550.0352667614975,2545.007376928401,2549.325422744332,2540.562904837504,2546.9740564556137,2547.3329635085147,43.76876692062972,-1.8503845717100103,0.0027997238028467653,-0.6735023321779281
628,6.28999999999991,2.28710802305018,0.6850376415505529,2.581584861033405,0.22368986470694704,-0.26720866462554177,0.7158851258149548,0.605037900146205,13.597968626838755,8.716287832054906,-5.068768719833125,-1.604150847191472,1.340871626673774,-0.7202611672061322,-2.400321302793884,43.53812821364755,-17.362919121294063,0.0,0.0,0.0,0.0,0.0,0.0,0.0,0.0,0.0,0.0,0.0,0.0,0.0,0.0,0.0,2564.468765886247,2495.8593696110047,2542.9286055222733,2540.9032119213734,2550.23251903891,2509.402899003909,2540.9363588455653,2542.085151673286,43.26063718816007,-1.3883102109580132,-0.91683498329146,-0.735346696773479
629,6.29999999999991,2.42295081798515,0.7743556304814572,2.5300366847507134,0.2198805341265367,-0.2747815493090318,0.7110362269031966,0.6087488274344545,13.569220571914792,9.14627878237215,-5.240242837440589,-1.708808427279469,0.7498397836729137,-0.7149947077068869,-3.232753324558857,42.81038157197514,-16.980774685704247,0.0,0.0,0.0,0.0,0.0,0.0,0.0,0.0,0.0,0.0,0.0,0.0,0.0,0.0,0.0,2565.6127969702065,2456.591878077614,2481.3278512446386,2555.1780535643825,2547.731605003749,2473.6662529585105,2495.442351540343,2539.22940860296,42.702133467043765,-0.871767139735146,-1.7404214485239478,-0.7744354437289563
630,6.30999999999991,2.5584688075400943,0.8679436627278089,2.4767954871593,0.21846105271742455,-0.2802509627799175,0.7054844456245426,0.6132094774939113,13.533427471055205,9.57063020869747,-5.407129993074304,-1.5458753036927586,0.021946114575609937,-0.7156898319651971,-3.8178122883287813,42.309794394521205,-16.455314646131036,0.0,0.0,0.0,0.0,0.0,0.0,0.0,0.0,0.0,0.0,0.0,0.0,0.0,0.0,0.0,2552.467409523265,2449.6904049174545,2432.727595048814,2563.0021797523787,2539.919135867545,2461.6794251944752,2454.699382533757,2540.61667326512,41.17174114204857,-1.8606093421828072,-3.349774662719067,-0.6968620770511897
631,6.31999999999991,2.6936058569389942,0.9657495617902829,2.4219144645719193,0.2200433847791301,-0.28312733832204284,0.6998144744486735,0.6178021693566202,13.493592534009291,9.98981511747603,-5.567983990287782,-1.2219345540057365,-0.7479288472003877,-0.7209599570386831,-4.068808587916806,41.787480411695554,-15.794145671229387,0.0,0.0,0.0,0.0,0.0,0.0,0.0,0.0,0.0,0.0,0.0,0.0,0.0,0.0,0.0,2532.025724297357,2443.8869602607133,2398.617886686315,2558.2384827858823,2521.9459241073014,2452.754190761208,2423.4166678279435,2533.6793284366076,37.435868101589605,-3.0056948665780947,-5.388306400907048,-0.9851824902765773
632,6.3299999999999095,2.8283397656293965,1.0676931599151083,2.3654648915610967,0.22494445238395105,-0.2830455234742692,0.69298937861215,0.623739485773995,13.453370659396088,10.396959359484507,-5.720239624969649,-1.5582030882495215,-1.8956963546511092,-0.7185727323857972,-3.9642697899999746,40.372046859468824,-14.766066090209584,0.0,0.0,0.0,0.0,0.0,0.0,0.0,0.0,0.0,0.0,0.0,0.0,0.0,0.0,0.0,2539.73170703994,2332.0495888583564,2361.6431661508013,2520.024280149743,2501.1694331259237,2370.5089589899726,2378.962753691491,2499.9945495839584,35.6425435704067,-3.4649517944685444,-7.2110813559898554,-1.0616079363476036
633,6.339999999999909,2.9626842277591963,1.1735749217906444,2.3075588194291816,0.23373722614720485,-0.27930967902172077,0.6828541137033348,0.6332955642638174,13.416240606276332,10.77450920941801,-5.858233880552712,-2.2673157804403,-3.4331239343668343,-0.7335856155178503,-3.5218052860361837,36.879090952389504,-13.075677912664396,0.0,0.0,0.0,0.0,0.0,0.0,0.0,0.0,0.0,0.0,0.0,0.0,0.0,0.0,0.0,2509.490702506643,2176.977905133669,2216.8573037860197,2399.776395384651,2453.462334676592,2233.9063072967374,2232.6171029676366,2373.1874679990647,36.03061453957716,-3.553184730686795,-8.02536180368795,-0.9431369629708513
634,6.349999999999909,3.09668174434597,1.2831096419509664,2.2483594033339975,0.24706634355052026,-0.27119886153467454,0.6684609051439863,0.6469694101585911,13.384300095107026,11.130010321767411,-5.978413850511307,-2.8387944403950214,-5.084958987858145,-0.7611463283207118,-2.903063230847991,35.11747342842675,-11.129597402147695,0.0,0.0,0.0,0.0,0.0,0.0,0.0,0.0,0.0,0.0,0.0,0.0,0.0,0.0,0.0,2468.204335992462,2110.925122987182,2131.494600576912,2353.3007429482686,2417.659413813375,2164.4777742618217,2158.8551803305404,2323.7310875006324,36.49491557914568,-3.4586466759670476,-9.291845801136006,-0.7619661242481567
635,6.359999999999909,3.230394287796654,1.3961746654147167,2.188060568011279,0.2645503188081499,-0.2587481591893915,0.6501717835786004,0.6635805684111231,13.359623872651586,11.483474765982727,-6.077477958879294,-3.182184869462954,-6.356140574730312,-0.7776864482755185,-2.0692259125922874,35.42944054898278,-8.8319929149554,0.0,0.0,0.0,0.0,0.0,0.0,0.0,0.0,0.0,0.0,0.0,0.0,0.0,0.0,0.0,2425.563297717552,2157.086967472803,2168.8838170727995,2358.181101930272,2395.6303780592552,2190.259599044891,2191.8557502473286,2339.6783740631163,35.2925297087959,-5.23315609883557,-10.0,-0.7064831430509398
636,6.369999999999909,3.3639070298506417,1.512791504625382,2.126895037560904,0.28552073655263865,-0.24208811379909026,0.628571588906151,0.6817396950270935,13.344823211771331,11.84030302479477,-6.1509987296536375,-3.322920342298489,-7.637963801745577,-0.7725341001401738,-0.9482029031246952,35.72066301694221,-6.0793173048470095,0.0,0.0,0.0,0.0,0.0,0.0,0.0,0.0,0.0,0.0,0.0,0.0,0.0,0.0,0.0,2409.6082085264125,2172.890247193731,2187.0126722447117,2398.2381863388,2380.4827202556708,2205.8161905267384,2218.524699021745,2372.479038972766,34.24827307996485,-7.284253137766395,-9.999999999999778,-0.8026373253833213
637,6.379999999999908,3.4973310212447055,1.6329391371145991,2.0651351636750124,0.3089012904529572,-0.22184888134839464,0.6023093860218441,0.7018450470801606,13.342002867687217,12.186959480017004,-6.195928331399949,-4.284642337639547,-8.658588208699813,-0.7523022657727098,0.2669204825416216,34.17024797853507,-3.08787530972765,0.0,0.0,0.0,0.0,0.0,0.0,0.0,0.0,0.0,0.0,0.0,0.0,0.0,0.0,0.0,2390.1982259876127,2108.323852662012,2217.5053889432784,2308.7915681845866,2346.158594923205,2156.934358756717,2212.2470230651284,2310.272656895501,34.47461175220434,-8.958953904007206,-10.0,-0.8170836553871448
638,6.389999999999908,3.6307847912826823,1.7564713951007966,2.003080490181355,0.33253059256964435,-0.20015448304750794,0.5691486653548244,0.7248664598711188,13.350455021552401,12.51679725545766,-6.209427232864015,-5.746689457698892,-9.224501733994318,-0.734527883799491,1.2939110565053369,32.35564634590382,0.20554535169470256,0.0,0.0,0.0,0.0,0.0,0.0,0.0,0.0,0.0,0.0,0.0,0.0,0.0,0.0,0.0,2365.2806900083187,2084.8065867791765,2248.057975388981,2191.3773865790067,2323.3347168565274,2132.1288977686904,2219.086856278189,2217.376668337749,35.53748825930301,-9.917298208341554,-9.999999999999996,-0.7810271468399228
639,6.399999999999908,3.7643709748336036,1.8832390629820435,1.941070286290851,0.3548322569926429,-0.17875987559553963,0.5281159511492564,0.7504881867266736,13.368064999395,12.834937331128657,-6.18598003431941,-7.291062871904326,-9.545981609601878,-0.7156784579771094,2.0808013857411822,31.273378564081966,4.152289698246214,0.0,0.0,0.0,0.0,0.0,0.0,0.0,0.0,0.0,0.0,0.0,0.0,0.0,0.0,0.0,2362.0885967568956,2107.1770774945267,2282.3210967902273,2160.659199797736,2326.200325232904,2150.2465134852323,2253.0352729703122,2191.981239203573,36.453308555887745,-9.999999999975962,-9.999999999999073,-0.8136090183885318
640,6.409999999999908,3.898168262455758,2.013146892900994,1.8795097978757642,0.37515495264067467,-0.15822798692384216,0.4795253095135924,0.7773532936825412,13.392189150786054,13.14487115304661,-6.118368650463881,-8.543052770316123,-9.725256830148647,-0.6900799021984425,2.5899491644150174,30.36159007628214,8.81743091160292,0.0,0.0,0.0,0.0,0.0,0.0,0.0,0.0,0.0,0.0,0.0,0.0,0.0,0.0,0.0,2367.1198286983386,2169.6028240199703,2312.6545165903212,2198.890223631734,2343.1419298169567,2200.63675561535,2292.100076091175,2223.2620845732267,36.85240581092203,-9.999999999999979,-9.999999999999993,-0.9164757712877828
641,6.419999999999908,4.032225210529973,2.146091275102415,1.8188647034412804,0.39336213112747287,-0.13824177989171954,0.424976214781475,0.803461673608164,13.419428411740187,13.44082475905347,-6.002620124357222,-9.230959258202105,-9.825648076772554,-0.6639668517314612,2.7552764206575375,28.59586355606858,13.681136439561925,0.0,0.0,0.0,0.0,0.0,0.0,0.0,0.0,0.0,0.0,0.0,0.0,0.0,0.0,0.0,2361.617190285481,2246.134742002374,2310.744708939282,2251.4122736665786,2352.498879644173,2260.3240734804212,2302.786833072161,2261.1175394021916,36.37160950315019,-9.999999999999439,-9.999999999999687,-1.0647250299579996
642,6.429999999999907,4.166555845972073,2.281879693901052,1.75961241114751,0.4094926439307699,-0.11829598304515804,0.3662801087026028,0.8271400830154328,13.446409370834772,13.71182571163948,-5.840434405729305,-9.604019651808631,-9.882108246052344,-0.647120953463913,2.6006781375240706,25.65955694469224,18.165684686308303,0.0,0.0,0.0,0.0,0.0,0.0,0.0,0.0,0.0,0.0,0.0,0.0,0.0,0.0,0.0,2358.9678585261468,2296.442563144578,2295.3119126878946,2273.7204630811657,2355.109599982106,2303.401864032837,2291.343068610181,2277.4759271958933,33.67935025878517,-10.0,-10.0,-0.950288601154123
643,6.439999999999907,4.301141743434924,2.4202005470708072,1.7021822613571262,0.42355167061603594,-0.09816159009162473,0.3046172813523407,0.8474530054525489,13.470014105632668,13.945408595003164,-5.639817041343802,-9.805123432131762,-9.913686847379614,-0.6456894681425756,2.151233983166634,21.489213277009256,21.627353944841943,0.0,0.0,0.0,0.0,0.0,0.0,0.0,0.0,0.0,0.0,0.0,0.0,0.0,0.0,0.0,2344.37033149231,2309.7589360476027,2258.34860874984,2256.786738641446,2341.4219619620767,2312.6281999848793,2254.8987435084796,2257.5483093508496,33.92130547426514,-10.0,-10.0,-0.9042205282885821
644,6.449999999999907,4.4359328043681945,2.5606055720299867,1.6468672496538084,0.4355057171192584,-0.07776264842397855,0.24079171302164665,0.8638906712117166,13.486960110060974,14.126478993916997,-5.421257172397462,-9.912940905279092,-9.931343229141929,-0.6400141531529137,1.381977674290269,15.815563825025691,22.58808241221999,0.0,0.0,0.0,0.0,0.0,0.0,0.0,0.0,0.0,0.0,0.0,0.0,0.0,0.0,0.0,2247.0874725838894,2226.6373124508727,2177.3807579556096,2186.855437752014,2241.0431247172173,2223.8384616899716,2172.2461496268193,2184.013770719204,32.21382747075394,-10.0,-10.0,-1.3598113497773503
645,6.459999999999907,4.570859438421517,2.7025765840952034,1.5938339805104151,0.4452564677534487,-0.057084849987362705,0.17540849904637182,0.8761962430231834,13.497256165457319,14.260171946436145,-5.181398818248291,-9.97060171188002,-9.941606453467868,-0.6274994946527028,0.7216463494756908,11.30224378007405,25.011539686965456,0.0,0.0,0.0,0.0,0.0,0.0,0.0,0.0,0.0,0.0,0.0,0.0,0.0,0.0,0.0,2243.039047051192,2231.0505501637504,2181.520890200122,2196.602380289892,2242.4240535560925,2232.219372258084,2181.0345213362352,2197.247458830867,26.478273845333764,-9.999999999999998,-10.0,-1.5999671445299946
646,6.4699999999999065,4.7058514713567305,2.845637256990028,1.5432604691866316,0.4527962966006631,-0.03618397401325491,0.10895034616452665,0.8841923183787351,13.499780330216854,14.343373892683605,-4.932978329554527,-10.001956723655725,-9.946966612374322,-0.6495443792108458,-0.11085385041553764,6.06459298261619,25.069952788078886,0.0,0.0,0.0,0.0,0.0,0.0,0.0,0.0,0.0,0.0,0.0,0.0,0.0,0.0,0.0,2225.199687589305,2217.7364558818413,2086.407291023858,2105.5433327351384,2223.3276389477037,2216.827502054869,2081.838860251078,2101.931740872476,18.98764557068049,-7.950230068462514,-10.0,-1.6986369394460838
647,6.479999999999906,4.840824296714541,2.9892553724035036,1.4950430088542512,0.4582529136968304,-0.015162648383237543,0.041829362307679724,0.8877075338371893,13.493361953235617,14.371760820715807,-4.717229840284706,-10.020197586267434,-9.948366227649897,-0.7030607663513058,-1.0027897813369435,0.7146741858701233,20.386917211417277,0.0,0.0,0.0,0.0,0.0,0.0,0.0,0.0,0.0,0.0,0.0,0.0,0.0,0.0,0.0,2055.4860961921054,2050.0231923866177,1861.5099180083357,1886.235984301133,2045.4103100647008,2040.4628233015048,1851.071624796971,1876.8688974381955,21.26714715950711,-8.825540549654496,-9.99999999999943,-1.8078220158988152
648,6.489999999999906,4.975694214109858,3.1329240331815233,1.4486649350180032,0.4617529665439665,0.007164420589928662,-0.023160016516060145,0.886677214436253,13.479753243135917,14.356202574503092,-4.568649933746259,-9.001973661050574,-9.952730052748633,-0.7706937329507678,-1.5712969659276155,-3.0010168750553845,12.974312645732233,0.0,0.0,0.0,0.0,0.0,0.0,0.0,0.0,0.0,0.0,0.0,0.0,0.0,0.0,0.0,1711.3634296798216,1838.22740596021,1462.438223173443,1640.97632773221,1727.5052384267144,1795.5738441962117,1484.9183175079834,1598.6476884002195,33.79799028872457,-7.720124806723788,-9.999999999999808,-1.7693305692501873
649,6.499999999999906,5.110404745642138,3.2762750506096787,1.4036702964385759,0.46345828576111325,0.030597463823733906,-0.08584777549851319,0.881419521005113,13.461596192962329,14.308641689938643,-4.428289837427622,-8.98308585714399,-9.949909690393904,-0.8435636194480138,-2.02091659694581,-6.1927283740406125,14.313513814476764,0.0,0.0,0.0,0.0,0.0,0.0,0.0,0.0,0.0,0.0,0.0,0.0,0.0,0.0,0.0,1841.002989028859,1867.5878146795533,1602.0139205919709,1667.9185466608478,1839.0471410130315,1874.3322263566686,1603.1555487419923,1679.4474502384535,36.653521059023504,-9.228972807465665,-10.0,-1.7452120966563063
650,6.509999999999906,5.244900501907067,3.41891530073435,1.360410208541083,0.46334756617601597,0.05462133478475399,-0.14678485061941154,0.8722268915447009,13.43610664989806,14.208563382994601,-4.208332896993485,-8.389219049801552,-9.947308512789697,-0.9115009882416045,-2.8978712128289175,-12.699268376881179,24.68836046585654,0.0,0.0,0.0,0.0,0.0,0.0,0.0,0.0,0.0,0.0,0.0,0.0,0.0,0.0,0.0,2230.536310401296,2297.1174046929254,2055.39589740961,2156.670854629304,2267.262453917773,2300.250980228505,2100.1199130864725,2163.955048308244,38.37082410127841,-6.855009474548735,-9.999999999999991,-1.173648383462535
651,6.519999999999905,5.379101869599595,3.5602490925672776,1.3196209317790328,0.46151923810031226,0.07858081944481465,-0.20680891662956016,0.8591013442436208,13.40290253048842,14.04895609192927,-3.9482483505224173,-8.858719638478938,-9.944080231637722,-0.968256369729926,-3.6586769069621994,-18.327389715325992,25.916416389753394,0.0,0.0,0.0,0.0,0.0,0.0,0.0,0.0,0.0,0.0,0.0,0.0,0.0,0.0,0.0,2379.746509057512,2342.8914399797345,2231.3019772617463,2221.414312870656,2368.6067585004917,2362.747620352451,2221.822030607202,2246.1276484338864,37.99241239633228,-9.077752567290236,-10.0,-1.5397657537298812
652,6.529999999999905,5.512932282596122,3.699715488861272,1.2814288900097557,0.4576968571985506,0.10282709491639021,-0.2647695127582923,0.842518415570462,13.362053479668422,13.835786048399848,-3.692210249219346,-7.872347594959864,-9.942094708650737,-0.975146510984504,-4.354965626278684,-23.497880860803733,24.824557675406478,0.0,0.0,0.0,0.0,0.0,0.0,0.0,0.0,0.0,0.0,0.0,0.0,0.0,0.0,0.0,2323.4124323205638,2413.4732189731203,2270.107300058704,2391.2305677799745,2351.6351259537128,2388.7417848667947,2305.245489609083,2369.8307402111036,42.71424669355008,-5.496676241756665,-9.823389458868824,-0.4386894535040171
653,6.539999999999905,5.646326877576276,3.836827043708786,1.2456811240374779,0.4519682904505795,0.12697096626178514,-0.3210334541493139,0.8225208565566526,13.315974641853366,13.580093365412804,-3.4628718715763043,-8.546485473997969,-9.940037654988966,-0.9904074202481437,-4.867014901137168,-27.3034829792973,21.429234546074483,0.0,0.0,0.0,0.0,0.0,0.0,0.0,0.0,0.0,0.0,0.0,0.0,0.0,0.0,0.0,2409.903273089693,2362.4814322244947,2306.3982250249187,2287.2948567457197,2391.082047098728,2384.0881567774795,2284.7895874287533,2307.923504620456,40.628199371558004,-5.251112540395783,-5.3363860982153835,-0.33005118100666747
654,6.549999999999905,5.779223072470385,3.9711196441118117,1.2121335925839372,0.44409429800984807,0.151277807326292,-0.3741537505323368,0.7999401542917292,13.26190729174071,13.267314651714036,-3.2476720144654734,-7.050991971316915,-9.849670924071312,-0.9370739123950004,-5.693359924931585,-33.898854561766,20.812030610470433,0.0,0.0,0.0,0.0,0.0,0.0,0.0,0.0,0.0,0.0,0.0,0.0,0.0,0.0,0.0,2360.67001074427,2511.6216388890425,2429.233036262516,2587.7526416849983,2412.594380135361,2474.8422195367257,2485.6590330578815,2559.6356936201337,41.56632326042152,-3.1264218020684265,-7.080153379698047,-0.28213896403247385
655,6.559999999999905,5.911561357542876,4.1021015168640425,1.180566901637965,0.43540387197932096,0.17345545141855737,-0.41922032563139755,0.7775544953352818,13.205398288699179,12.925129583318219,-3.072431684775687,-6.269579269270858,-7.836427995035525,-0.8401833061843385,-5.783848098344535,-35.40636362109417,15.891487835487439,0.0,0.0,0.0,0.0,0.0,0.0,0.0,0.0,0.0,0.0,0.0,0.0,0.0,0.0,0.0,2135.207352991595,2589.1139962350494,2553.7431785501763,2370.0125415742286,2237.1725944260234,2515.659310556322,2505.567788984569,2420.5877313345413,39.38154773296972,-3.9989023856511503,-1.9539390891771564,-0.12560737788752055
656,6.569999999999904,6.04331888685403,4.229525692336936,1.1505820410118879,0.42676818584480186,0.19264721249025654,-0.45601988492144147,0.7568367271920052,13.14568571166044,12.55467429174399,-2.92906023686687,-4.772258926054316,-7.541229680528255,-0.7670870480474027,-6.0406378531254745,-38.279036561180035,13.055131217681648,0.0,0.0,0.0,0.0,0.0,0.0,0.0,0.0,0.0,0.0,0.0,0.0,0.0,0.0,0.0,2285.040809496873,2524.1362033859355,2428.7890768545226,2541.248307533325,2312.3685600779554,2505.607237360279,2475.411478349261,2501.952610986774,40.2850409675789,-0.6380109763977075,-4.652162316946521,-0.05712342062208549
657,6.579999999999904,6.1744860098132275,4.353231272616953,1.1218253016336326,0.41919783965067836,0.20849685998284317,-0.48571471388117055,0.7381622093610803,13.087627283266787,12.184689194989646,-2.8272697747772453,-4.428292549663189,-5.071681448936266,-0.7099163071331691,-5.903429929301041,-37.74128224108608,9.05351286971845,0.0,0.0,0.0,0.0,0.0,0.0,0.0,0.0,0.0,0.0,0.0,0.0,0.0,0.0,0.0,2086.789991582107,2555.562705271477,2589.914840566423,2241.5613186062533,2176.8699939737444,2485.6428435728876,2520.8606780174237,2340.618501354304,37.32694593745387,-2.3995649544406707,0.7840353965814337,-0.027690877198449364
658,6.589999999999904,6.305063119198804,4.473181504597748,1.0939556624008542,0.413281604399442,0.2207747555043803,-0.5080317269648793,0.7227451744523007,13.027347814274538,11.801062333926685,-2.749094798984349,-2.609171619250138,-4.910755979831887,-0.6626466237040046,-6.099809577758464,-39.461797578173474,7.1513224296286815,0.0,0.0,0.0,0.0,0.0,0.0,0.0,0.0,0.0,0.0,0.0,0.0,0.0,0.0,0.0,2233.2190439080923,2479.5321531209283,2357.815684261247,2534.5498337245094,2265.3502444246806,2455.661114061866,2445.5834634890266,2475.761744014879,39.3150243874828,1.6956223733541633,-1.8851304715819914,0.3177014665178789
659,6.599999999999904,6.435048834829346,4.5893382322034695,1.066732006853031,0.4089867060460259,0.2304835093286563,-0.5238953032781027,0.710732676474294,12.969895385968949,11.430556866822807,-2.6987743222731884,-2.543459474060781,-2.3796365792408705,-0.6323843996967266,-5.800966208013847,-37.35895641170295,4.396782234379781,0.0,0.0,0.0,0.0,0.0,0.0,0.0,0.0,0.0,0.0,0.0,0.0,0.0,0.0,0.0,2032.679060067929,2486.535470838739,2545.4824099630678,2151.061696109382,2110.3004414407696,2419.8203051836504,2466.034279936466,2274.4814522092097,37.96842292702399,-1.8828478802782391,1.9674761577322282,-0.1700974075245485
660,6.6099999999999035,6.564453021036621,4.701764272120642,1.0399446093694669,0.407162909136291,0.23667565875984092,-0.5330325605797734,0.7029077374279202,12.910401730190673,11.049590414702621,-2.658692018197274,-0.49882751545663295,-2.173295778239109,-0.5787609893625728,-6.034740769433,-39.333385160166046,3.990941089324185,0.0,0.0,0.0,0.0,0.0,0.0,0.0,0.0,0.0,0.0,0.0,0.0,0.0,0.0,0.0,2161.78398244759,2438.3068154671287,2333.9995651067334,2532.8161872423825,2206.131173688404,2405.7855830441476,2438.831247449369,2471.693738775711,40.26667164094609,1.860992531242132,-0.8839815380897775,0.157282626382364
661,6.619999999999903,6.6932689124316,4.810378610058204,1.0135144085480865,0.40669028295171533,0.24109999043545358,-0.5378682223129689,0.6979767788333396,12.852703079668382,10.672075900225467,-2.627959694590246,-1.232980413445075,-0.35471535291719314,-0.5683002078247832,-5.860656435638489,-38.298116173287156,3.008140869900977,0.0,0.0,0.0,0.0,0.0,0.0,0.0,0.0,0.0,0.0,0.0,0.0,0.0,0.0,0.0,2174.8543436293157,2433.312144379732,2532.9257412426823,2165.3234869895373,2202.5744709393693,2409.332645495875,2455.695571716818,2290.7218704892325,38.930580454575214,-1.234484455288857,3.4116177526642577,-0.24845822545387042
662,6.629999999999903,6.821496393045204,4.91516693358603,0.9873848256740454,0.40820203424930823,0.24294773664209462,-0.5396765711410203,0.6950515772636456,12.792123066261524,10.2805059405006,-2.5967123443889064,0.28503613429787245,-0.5864225987270785,-0.5399160913134367,-6.1783673164885755,-40.36151626458029,3.420954766142792,0.0,0.0,0.0,0.0,0.0,0.0,0.0,0.0,0.0,0.0,0.0,0.0,0.0,0.0,0.0,2290.1568692051687,2410.199753841498,2343.2276221645166,2546.6544717105994,2311.6970730344,2396.2355635442514,2445.505112583595,2489.0485369665175,41.66611007054327,1.4572360956827386,-0.14053428317958216,-0.10128853095756829
663,6.639999999999903,6.949121154357072,5.016045290120053,0.9615590679407291,0.4108150162116741,0.24346625774615302,-0.5387385723291471,0.6940576017009239,12.732625489028566,9.89431592852024,-2.568039129612079,-0.48308106940818185,1.1685605842965026,-0.5468010947361556,-6.078816354603944,-39.09191995296446,3.0804054672612935,0.0,0.0,0.0,0.0,0.0,0.0,0.0,0.0,0.0,0.0,0.0,0.0,0.0,0.0,0.0,2230.928729643929,2456.585966120083,2555.6668236028177,2181.780486219022,2262.8463549071066,2427.3501030886487,2479.544778402518,2308.5172866074267,40.11268645521331,-1.0183025366375924,4.50030548031814,-0.4192901393280619
664,6.649999999999903,7.076133145416357,5.1130053018612545,0.9360482846431893,0.41535466465046755,0.2415321173499023,-0.5361973765217675,0.6939993604123456,12.668784715268965,9.492443324760762,-2.5318434471971982,0.4680923820904362,0.583552122094512,-0.5407612355791906,-6.59069149585001,-41.38376216954498,4.163491425381416,0.0,0.0,0.0,0.0,0.0,0.0,0.0,0.0,0.0,0.0,0.0,0.0,0.0,0.0,0.0,2411.3656608139504,2416.4115536580907,2368.9577376834254,2563.959040340772,2408.313018288117,2427.325223957495,2465.944682891817,2509.4677515470166,43.50083938247659,0.9277510482994029,0.11771613958694704,-0.37319177793961594
665,6.659999999999902,7.202501739345277,5.205959296886513,0.9109134777512313,0.420807471858052,0.23851138944800562,-0.5321318115397063,0.6948878498574336,12.604475312035119,9.098154590271655,-2.4941541814284602,-0.25101025577161584,2.3092928552386636,-0.5667128603124674,-6.6344555825512685,-39.757658268269935,4.151701587889356,0.0,0.0,0.0,0.0,0.0,0.0,0.0,0.0,0.0,0.0,0.0,0.0,0.0,0.0,0.0,2291.3260950977105,2495.392911993391,2578.4430473423104,2206.549962138855,2327.4415762340736,2460.731825236963,2504.171058378802,2330.1785245854508,42.17649755671822,-2.6219405172699815,3.758503863622377,-0.7379888817892359
666,6.669999999999902,7.32819959953843,5.294921558340899,0.8862053797325407,0.4279608730637972,0.23332781090158952,-0.5274178289754008,0.6958721559778199,12.533547382644471,8.68837576513212,-2.4441743530221416,0.3029453613238049,1.3471105211799732,-0.5901081119647499,-7.451248953197265,-42.35415822218869,5.796168789494516,0.0,0.0,0.0,0.0,0.0,0.0,0.0,0.0,0.0,0.0,0.0,0.0,0.0,0.0,0.0,2529.280146986409,2438.8857857650974,2383.5333464634637,2611.1983100425327,2507.9374174011955,2471.1532153001663,2487.9446343238333,2558.101463886254,44.70675889355044,1.0191661082354484,-0.12601767150969767,-0.44225234396331076
667,6.679999999999902,7.453169366569375,5.379783055191933,0.8620304448863958,0.43526160867712155,0.22794098630349932,-0.5240699634031116,0.6956586175944732,12.459424189390738,8.283464324431158,-2.389635802347207,-1.092105069264242,2.3903941062465,-0.6522671627762772,-7.7750591271907865,-40.91511704596762,5.888172045355855,0.0,0.0,0.0,0.0,0.0,0.0,0.0,0.0,0.0,0.0,0.0,0.0,0.0,0.0,0.0,2467.7247265589613,2484.986727072617,2606.296611401516,2258.0381955086905,2466.7368217109597,2483.2481435014197,2536.7222693045387,2383.016170924537,43.36535409642272,-3.210952202349226,3.681542025899925,-0.8906336832095791
668,6.689999999999902,7.577360764333355,5.460592976187823,0.8384332175050074,0.4436153198933203,0.22137100372594143,-0.5213013577188846,0.694582767642391,12.3768289304826,7.873523668141634,-2.326857343070172,-0.12028232254413795,1.3738564674046796,-0.7148062818075089,-8.785324204199085,-42.46825786008568,7.115819070129259,0.0,0.0,0.0,0.0,0.0,0.0,0.0,0.0,0.0,0.0,0.0,0.0,0.0,0.0,0.0,2557.446196238804,2479.468017639333,2351.956930916646,2682.40120475353,2553.0319964082005,2486.861442884561,2484.4444236841364,2636.633083221642,44.59182031256958,1.387796469065501,-0.2947980997720201,-0.6256585932132483
669,6.699999999999902,7.700698924722027,5.537312772007033,0.8154880080016268,0.45168555167768565,0.2154756908330218,-0.5193104561027687,0.692724360224174,12.28944440705941,7.469440881236247,-2.260943688103911,-1.5839050862349977,2.3293688219188966,-0.7986453691562223,-9.235430460410754,-41.080502050158785,7.091486268926861,0.0,0.0,0.0,0.0,0.0,0.0,0.0,0.0,0.0,0.0,0.0,0.0,0.0,0.0,0.0,2506.603278433807,2516.558864743531,2638.50820388729,2275.0795744105308,2500.7799757154153,2519.202649005621,2572.765166782251,2415.042033302511,42.343846593937094,-4.513581983084732,1.6854887856085345,-0.45996284207355254
670,6.709999999999901,7.823125341580878,5.610026188326472,0.7932143994825535,0.46067807260056054,0.2087838822226889,-0.5174047322352975,0.6902733857027772,12.193696229021976,7.069467069214493,-2.191310148902303,-0.22013962615194393,1.306097995397397,-0.8868639891517376,-10.180825887356804,-41.414768695380744,7.789699938077099,0.0,0.0,0.0,0.0,0.0,0.0,0.0,0.0,0.0,0.0,0.0,0.0,0.0,0.0,0.0,2541.208267707915,2495.695013030553,2298.6343679335955,2701.608954446721,2544.6352053893966,2490.742755092753,2453.2857577588916,2657.587698995145,44.286042670165216,1.7259203067025206,0.09861663709224722,-0.7443644784455106
671,6.719999999999901,7.9445709542616685,5.678779715979953,0.7716439748116437,0.46832307935564865,0.20396875771314488,-0.5176604139856744,0.6863657443462485,12.094103855426495,6.680742589828764,-2.1221815209905937,-2.301563354883612,1.4087355872781417,-0.914087608327174,-10.473088149989707,-39.453403635972606,7.233400716379457,0.0,0.0,0.0,0.0,0.0,0.0,0.0,0.0,0.0,0.0,0.0,0.0,0.0,0.0,0.0,2523.9916829848175,2347.043329761016,2614.295667417402,2336.9100343243435,2474.739253389051,2398.512887162062,2550.5994949701353,2465.554269611346,40.98538796917282,-6.54808722952366,-1.0049619487198553,-0.04427292424591034
672,6.729999999999901,8.064981469004545,5.743672544673586,0.7507610639064536,0.476142415102435,0.19883897904521736,-0.5186737224750931,0.6817103714676096,11.985310529910754,6.292268921393904,-2.05173750983988,-0.3684728163178153,0.9355866039529684,-0.9505506991724192,-11.595381087889933,-40.536307219515066,7.8649673487931615,0.0,0.0,0.0,0.0,0.0,0.0,0.0,0.0,0.0,0.0,0.0,0.0,0.0,0.0,0.0,2456.724946054595,2549.0849076419795,2330.2923453688927,2671.842189794013,2519.2395413517875,2507.1272416890242,2468.267564152712,2618.9895298497054,43.858257575351765,1.9371595574224871,0.7376822752860495,-0.8292377567071201
673,6.739999999999901,8.184306125580566,5.804809647319943,0.730535982741979,0.48221188528292963,0.19521140470702628,-0.5227810793845598,0.6753252166191538,11.877777167444144,5.932693902582976,-1.9925438775705266,-3.3802098889189844,0.07697780183022852,-0.8423455346341926,-11.49738338445161,-37.32155682907479,6.351105383255229,0.0,0.0,0.0,0.0,0.0,0.0,0.0,0.0,0.0,0.0,0.0,0.0,0.0,0.0,0.0,2566.0792540972716,2070.3078170949398,2570.12685586248,2380.862951637885,2480.9897697057586,2248.7930822419075,2504.1178085382558,2488.7660463072275,42.04840931636703,-6.345582926626471,-1.7735070233484218,-0.213013256500454
674,6.7499999999999005,8.302515748309121,5.862370377650419,0.7108748568811788,0.487387358736796,0.19136086478498024,-0.5293249190996628,0.6675700053121394,11.760082839151776,5.56990461642942,-1.9364155242230432,-0.8736608600532307,0.29437386831536494,-0.7551602075911877,-12.920637937748225,-39.22666648513662,6.689805899859014,0.0,0.0,0.0,0.0,0.0,0.0,0.0,0.0,0.0,0.0,0.0,0.0,0.0,0.0,0.0,2262.5463935617095,2645.5385171462376,2367.4394405135213,2604.558942474824,2450.1901825425266,2592.3634068216725,2480.1074259166303,2542.0198338817368,43.561066634451876,2.2885252177253568,1.455994758268445,-0.9053489657560243
675,6.7599999999999,8.41951967712248,5.916307761032858,0.6917596679925614,0.49140552123997217,0.1882579493215478,-0.5360410268887024,0.6601057307009403,11.637830304109604,5.212016121046099,-1.8851329871809022,-3.5616947524981897,-0.5684101405232063,-0.6168210796906336,-13.224604394709516,-37.82562950627977,5.6811358354385,0.0,0.0,0.0,0.0,0.0,0.0,0.0,0.0,0.0,0.0,0.0,0.0,0.0,0.0,0.0,2600.034914572004,2126.560316954166,2543.3552133468784,2426.09776784755,2527.816156535239,2331.6159547586894,2488.2525830370373,2504.666413620181,43.22475746060186,-5.294521198815769,-1.109015969620875,-0.5636981266743339
676,6.7699999999999,8.535266116078768,5.9666898217885205,0.6731165621517646,0.49450255015385775,0.18503077554452468,-0.5437946798434776,0.6523175500986101,11.507462105606532,4.855822450955996,-1.8411059221318316,-0.8158508576201136,0.15316931353391408,-0.4864335912290522,-14.265973695788858,-38.54721748805989,5.336370998008988,0.0,0.0,0.0,0.0,0.0,0.0,0.0,0.0,0.0,0.0,0.0,0.0,0.0,0.0,0.0,2167.044280097706,2708.930082351995,2393.7067187149814,2538.4410916671236,2395.9018809554873,2676.752249984595,2470.3464007407574,2481.3167784705524,43.47818141883847,2.2807766188340866,1.772700325738767,-0.858842808191443
677,6.7799999999999,8.649658297508859,6.013438201459424,0.65492463049228,0.4976364991299213,0.18171146820857062,-0.5491175566317501,0.6463812853525218,11.367951514637864,4.4881597631124075,-1.7956829621705095,-2.9757076961999434,-0.2855190738533746,-0.4059633264761358,-14.968012943887388,-38.72423180257645,5.08031730084757,0.0,0.0,0.0,0.0,0.0,0.0,0.0,0.0,0.0,0.0,0.0,0.0,0.0,0.0,0.0,2638.582682115792,2263.28400451189,2533.971392366563,2420.445765646539,2577.7417859292705,2441.5516141021662,2483.8456365620614,2489.014536004331,44.2864853012052,-4.559788677413476,-1.0119330737659964,-0.7297288803038144
678,6.7899999999999,8.762621637532549,6.056523551095902,0.6371585934165568,0.5003661387749725,0.17818206567928166,-0.5547729572634537,0.6403997536904988,11.221710620541153,4.123627047331474,-1.7562234528950076,-0.5155218513313548,0.4310506622684725,-0.32367253999951645,-15.624378365490799,-38.532636567953915,4.589388586142551,0.0,0.0,0.0,0.0,0.0,0.0,0.0,0.0,0.0,0.0,0.0,0.0,0.0,0.0,0.0,2210.4053841174064,2717.284505516416,2407.285012859346,2509.880827971168,2406.2583496074003,2680.1599293574295,2467.601338632305,2460.6132805820034,42.78828638299526,2.8197289617662813,2.3282162018648225,-0.4943338657703042
679,6.7999999999998995,8.874081083151504,6.095917414216168,0.6197959411967545,0.5033402739255334,0.17456754498878463,-0.5580927583227214,0.6361660270628212,11.067142613266338,3.749662476450252,-1.7145566202854026,-2.4247112353353857,-0.03657851108965966,-0.2650786754991277,-16.481797735908188,-39.28896404899085,4.739496536073862,0.0,0.0,0.0,0.0,0.0,0.0,0.0,0.0,0.0,0.0,0.0,0.0,0.0,0.0,0.0,2691.40896009499,2312.8932003384225,2524.5641698311847,2450.2590706265637,2647.159193639446,2478.9333930958937,2484.616432292542,2501.6155027280834,44.18223193051855,-2.9116379806253088,-1.876117109575555,-0.7388180465933626
680,6.809999999999899,8.983981773792785,6.131625880342198,0.6028174219062095,0.5059275841806958,0.17103369729758164,-0.5611334506077654,0.6323875430168012,10.91082606354218,3.3887637071906047,-1.6802087113576405,0.06295288574675606,0.841133614172568,-0.16770116703974847,-16.456997545086338,-37.70208407433495,4.007045504877738,0.0,0.0,0.0,0.0,0.0,0.0,0.0,0.0,0.0,0.0,0.0,0.0,0.0,0.0,0.0,2171.7242459739796,2694.405565708301,2420.807757269664,2496.7194509141987,2372.9934631496208,2641.939869386112,2466.818526382803,2454.042712349252,42.14688235272918,3.8585498037949417,2.774804663830308,-0.14847532830654409
681,6.819999999999899,9.092291656191206,6.163700564580085,0.5861957637084284,0.5080647126674119,0.16857076088600106,-0.5614539071558257,0.6310496465857124,10.748485680256394,3.020847893040533,-1.642048559948739,-1.2971895031573755,-0.1632918519165182,-0.09508957783576967,-17.169094240291116,-38.70722342362986,4.493754800207972,0.0,0.0,0.0,0.0,0.0,0.0,0.0,0.0,0.0,0.0,0.0,0.0,0.0,0.0,0.0,2713.8240655188315,2289.807372389365,2441.321650964148,2509.482205907465,2681.2315967040786,2464.294671504036,2432.691133911269,2518.7294172712127,44.18663540501974,-2.7160081063812322,-1.6449414838861833,-0.4827411643050397
682,6.829999999999899,9.198990853984066,6.192167237377458,0.5699279986737966,0.5091000803491481,0.16734384553675974,-0.5610198655588937,0.6309277739945681,10.589783563680493,2.669127808506573,-1.6101373509456602,1.1545187230052496,1.0102468131265279,0.03525570326552468,-16.551528477664945,-36.80593190680703,3.886733205549664,0.0,0.0,0.0,0.0,0.0,0.0,0.0,0.0,0.0,0.0,0.0,0.0,0.0,0.0,0.0,2117.2269128836174,2675.9598589322773,2434.63505479157,2475.383547030134,2336.57374180286,2617.953461152683,2455.2552451638912,2450.794536969262,41.51947314319426,5.067385194817864,1.7138921975385326,-0.1705783471501242
683,6.839999999999899,9.304096617770226,6.2171000931692095,0.5540022961474945,0.5103385307008452,0.16590824928614017,-0.5581764383456237,0.6328254898285188,10.428650861453718,2.3109365278810405,-1.5720219494282244,-0.6037713229968822,0.055989590937395556,0.1404317237715058,-17.10161378011321,-38.121088962781876,4.762704837431686,0.0,0.0,0.0,0.0,0.0,0.0,0.0,0.0,0.0,0.0,0.0,0.0,0.0,0.0,0.0,2724.411861983683,2239.684087179054,2470.8581793775265,2483.8493600918455,2701.2239712122396,2439.119229828371,2451.567669599107,2504.0330246063577,44.74405126019055,-3.1315017356957062,-0.6433907180120797,-0.2087426902790215
684,6.849999999999898,9.407606752196934,6.238498871890513,0.5384487021764514,0.5098519262178757,0.16630838980633433,-0.5555181141876326,0.6354464238795923,10.272424553530499,1.9657517567167628,-1.5371637864852685,2.1169508603332683,0.6660498978867252,0.2304963065240117,-16.115230578130024,-36.06596578007459,4.224117821660434,0.0,0.0,0.0,0.0,0.0,0.0,0.0,0.0,0.0,0.0,0.0,0.0,0.0,0.0,0.0,2164.4256116139313,2649.01530877059,2337.4524900920783,2491.448299998273,2371.1778673184026,2584.656058346662,2394.694178641841,2438.8497823282014,40.82227251297055,6.663728450791209,-1.0590423737647003,-0.44680077258970696
685,6.859999999999898,9.509569598750982,6.256440118394682,0.5232674839086623,0.5096380216882193,0.1664907355791511,-0.5509751230665912,0.6395125765595122,10.116892952542518,1.6133638209247965,-1.4948463072697908,-0.2905761062945933,0.2658033914603197,0.29368116454105714,-16.681513001582715,-38.191817824159145,5.5178735465655215,0.0,0.0,0.0,0.0,0.0,0.0,0.0,0.0,0.0,0.0,0.0,0.0,0.0,0.0,0.0,2722.050204852352,2266.523266125681,2572.4236189071185,2396.7094279331677,2695.116015479701,2459.6892613120312,2517.3532748689995,2489.478805717456,44.016186223237696,-3.088943173129091,0.9628546198289349,-0.23067795338653974
686,6.869999999999898,9.610023598401012,6.270959988080963,0.5084825954677054,0.5073877738990973,0.16954822146919485,-0.5472723516362822,0.6436645249109547,9.972678301999231,1.2854821869750226,-1.4597805404090047,3.0922092341429703,-0.3883800521326619,0.20851780009611123,-14.998675495236924,-35.039857114530946,4.512680900727206,0.0,0.0,0.0,0.0,0.0,0.0,0.0,0.0,0.0,0.0,0.0,0.0,0.0,0.0,0.0,2287.710913953785,2590.890140076001,2076.3619147011213,2555.8611644165585,2442.252983606308,2518.0509074143447,2271.4022477236103,2473.512537730394,42.62595892817227,5.040839930909427,-1.9246909692957166,-0.36331718323046447
687,6.879999999999898,9.709073562276737,6.282205248764761,0.4940624683599174,0.5050896164295696,0.17409146542865422,-0.5419358749424564,0.6487543051805424,9.833704881767353,0.9510048996086641,-1.4187306056994458,0.18265162826510836,0.1824754986035531,0.07693365199448479,-15.123353480188229,-37.3201068648481,5.762788346471037,0.0,0.0,0.0,0.0,0.0,0.0,0.0,0.0,0.0,0.0,0.0,0.0,0.0,0.0,0.0,2634.921604258878,2381.1228967849574,2649.101947514224,2163.660574150172,2577.6898535537416,2512.606131714858,2595.9612211071203,2393.976313899137,43.21220487672531,-3.594176137103701,2.781176268768414,-0.20120839164965632
688,6.8899999999998975,9.806716641865993,6.290010616723825,0.4801014604046511,0.5034936255810384,0.1779479210530471,-0.5382285559028281,0.6520266313601891,9.69346610795411,0.6037902971203725,-1.3706063122741028,2.569657861693749,-0.6722168413270851,-0.07454177526885195,-14.503808262871232,-36.900355067729485,5.794675198710575,0.0,0.0,0.0,0.0,0.0,0.0,0.0,0.0,0.0,0.0,0.0,0.0,0.0,0.0,0.0,2459.3750157883073,2533.504636316602,2163.2275507452514,2610.1472105697735,2525.393205263306,2482.8212604966925,2370.593465364449,2542.2357432782387,42.968177118180705,5.480806517893046,-2.3700905886814843,-0.14435504777029282
689,6.899999999999897,9.90300764358824,6.29439035909432,0.46661369730748276,0.502704144894509,0.18190043421855245,-0.5344465504086359,0.6546507920206713,9.562968835516552,0.26480387918555276,-1.3236198118974853,-0.3277441916259368,0.6477617455548115,-0.2824124166915839,-13.900762809234024,-36.71680985892367,5.9350569913765305,0.0,0.0,0.0,0.0,0.0,0.0,0.0,0.0,0.0,0.0,0.0,0.0,0.0,0.0,0.0,2515.1349625087605,2467.0518286517386,2717.6198124994426,2022.7345921371307,2474.8271628538437,2510.0341308577918,2685.135108762181,2308.325496663309,42.97427059469697,-3.649268183559699,3.2908942184013554,-0.07125658123427055
690,6.909999999999897,9.998009099215533,6.295404909635409,0.4535955905415894,0.503790254064491,0.18455238008048933,-0.5304432044113384,0.6563275141345921,9.435276533676099,-0.06925016159396614,-1.2764724584122809,2.403376958382064,-0.47576737112660467,-0.4826192509711956,-13.544662471160152,-36.33143716869967,6.066018208007895,0.0,0.0,0.0,0.0,0.0,0.0,0.0,0.0,0.0,0.0,0.0,0.0,0.0,0.0,0.0,2437.404111568131,2492.6424904203345,2060.637405494578,2702.654415408022,2478.692213025055,2451.4860566748916,2353.3326761787052,2670.301735824307,43.194104339608025,3.7710130982219336,-3.1040718461949375,0.18883252857368438
691,6.919999999999897,10.091765791589843,6.293098488347643,0.4410541387584287,0.5048357703713712,0.18880916092217406,-0.5260661668066039,0.6578345793942542,9.31454852820392,-0.39871442237712434,-1.2286127142329872,-0.37613435107728693,0.8984937649333902,-0.6822616381586638,-12.945620761646737,-35.91619440036015,6.147786231562202,0.0,0.0,0.0,0.0,0.0,0.0,0.0,0.0,0.0,0.0,0.0,0.0,0.0,0.0,0.0,2452.088907332452,2438.5313759498367,2742.6560804041583,2000.53779763611,2417.634470399723,2469.5224864596385,2738.1897956660773,2320.5008235015694,41.86833797366521,-4.885448383069395,3.6895585281950796,-0.34928934493379293
692,6.929999999999897,10.184317080817417,6.287492575712237,0.4290051994402275,0.5077086824868279,0.19111220625111558,-0.5230614908907891,0.6573543147317323,9.193286027927572,-0.7305291891316299,-1.177361323526021,1.5066329311439708,-0.6365634278006057,-0.8340733747282445,-12.995231065033863,-36.26609066381936,6.528141677690558,0.0,0.0,0.0,0.0,0.0,0.0,0.0,0.0,0.0,0.0,0.0,0.0,0.0,0.0,0.0,2467.1214198835537,2371.628642884097,2132.3694430111996,2740.978273539619,2464.5722012574474,2368.413635787575,2397.0197742175324,2742.9360821280197,42.75588220686738,3.2829508880729144,-4.0140679248309965,-0.08290106323311403
693,6.9399999999998965,10.275680978579448,6.27860101541092,0.4174606263343595,0.5105201462839081,0.1941496616470087,-0.5215694043780356,0.655469637387843,9.078254621823344,-1.0522179355582375,-1.1295951204880705,-1.3462536251967439,0.9566444964809645,-1.0134836313693356,-12.361499658894104,-34.737240885935215,5.905806866359997,0.0,0.0,0.0,0.0,0.0,0.0,0.0,0.0,0.0,0.0,0.0,0.0,0.0,0.0,0.0,2415.4522112453474,2402.740265585918,2752.026269817537,1905.4689250421561,2391.605876679182,2421.3561453551733,2748.038640914778,2247.789089378504,41.918663113344024,-5.3081147866625304,4.326353147545369,-0.7089198230604914
694,6.949999999999896,10.365896641170817,6.266534950486885,0.4063786872211269,0.5152976445485111,0.19502860795935342,-0.5215270477840552,0.6514919170871124,8.962138381273371,-1.3683811888410915,-1.0835639565241093,0.6378213724364873,-0.8866000173907005,-1.1994580936488177,-12.689926064101797,-34.90613172298262,6.008070113792563,0.0,0.0,0.0,0.0,0.0,0.0,0.0,0.0,0.0,0.0,0.0,0.0,0.0,0.0,0.0,2466.189463450215,2331.0045924499136,1986.4267296565024,2755.546674268635,2459.1859363693306,2332.1747551674225,2323.690677801407,2795.276544165873,42.370613024583854,2.8563441426156633,-4.376079512531621,-0.44105476361174967
695,6.959999999999896,10.45495415601038,6.251310566247075,0.3957513296395873,0.5195345042723406,0.19789032969942857,-0.5221604582910417,0.6467393385895386,8.847672132864421,-1.681305289826665,-1.040082227166826,-1.8729546199700644,0.9915276189560053,-1.4069043189169794,-12.461114207168222,-34.03921785260855,5.483666387984032,0.0,0.0,0.0,0.0,0.0,0.0,0.0,0.0,0.0,0.0,0.0,0.0,0.0,0.0,0.0,2374.603956989648,2441.6114534542066,2758.716883681919,1813.4416233014433,2368.7573654238868,2441.742795053028,2792.441051355901,2201.191155078777,41.58957131822174,-5.806175725169499,4.402968267754233,-1.0735276035388055
696,6.969999999999896,10.542857654165106,6.232988810703798,0.3855429807492931,0.5262085274661478,0.19817294270246316,-0.5234997041324707,0.6401407112313434,8.730107684820819,-1.9896718929326742,-0.9988531933813483,0.044057108478204765,-0.9377890305782574,-1.6081994928058179,-12.9312867924547,-33.999258305339005,5.414136647394763,0.0,0.0,0.0,0.0,0.0,0.0,0.0,0.0,0.0,0.0,0.0,0.0,0.0,0.0,0.0,2458.8784439497003,2308.763511879459,1906.0151313776823,2752.3351696177256,2443.831813598445,2316.254402733132,2270.9398621525256,2800.0,42.40478537916689,2.6407535331516403,-4.511834440090489,-0.8777649211812719
697,6.979999999999896,10.629580069226455,6.211588814058579,0.37573576389213953,0.5321093892702622,0.20080687482711915,-0.5255176191090599,0.6327459433916109,8.612230314631184,-2.2953563756299697,-0.9608693548239765,-2.404930514078089,0.992231925162616,-1.8226596134077364,-12.967274397718498,-33.41292115976291,4.913149838906672,0.0,0.0,0.0,0.0,0.0,0.0,0.0,0.0,0.0,0.0,0.0,0.0,0.0,0.0,0.0,2354.8515273517255,2433.4450763204363,2752.864177849177,1781.5463869180403,2351.9406358105202,2430.4293302545557,2784.9136725021526,2198.0944968866334,42.28662013466107,-5.672544175006625,4.392727970783023,-1.3867302893265667
698,6.989999999999895,10.71510236144695,6.187150684552637,0.36629491103944434,0.540556791614412,0.20075732440733374,-0.5278486971979893,0.6235949042469217,8.488914775089786,-2.598718844912299,-0.9247950801212143,-0.3996989959089511,-0.9324532273404476,-2.035051480068575,-13.6553787233602,-33.47004911624074,4.828718914720365,0.0,0.0,0.0,0.0,0.0,0.0,0.0,0.0,0.0,0.0,0.0,0.0,0.0,0.0,0.0,2456.6724544953204,2314.159443201239,1853.2576757673257,2750.7941751179324,2444.453000653504,2319.6520464067003,2239.288141781049,2800.0,42.70436749587808,2.465597535814114,-4.346382566091952,-1.3333513468146243
699,6.999999999999895,10.79937153974727,6.159665111705447,0.3572090804503454,0.5479888064443907,0.2035877678119642,-0.5302638729623286,0.6140688184886002,8.361823488521802,-2.905052065096559,-0.8900927398824969,-2.564251122992964,0.9937773803530962,-2.2470061719339602,-14.11763787236886,-33.727964788243355,4.6460680329758475,0.0,0.0,0.0,0.0,0.0,0.0,0.0,0.0,0.0,0.0,0.0,0.0,0.0,0.0,0.0,2352.259196448742,2458.0108304484897,2754.2588524246457,1854.0623146787314,2358.4060853331143,2447.628751480309,2800.0,2235.191963543793,42.507991449213776,-5.806003785619879,4.748481585555956,-1.8190588371438725
700,7.009999999999895,10.882338354243752,6.12911833720908,0.3484634554411945,0.557677981537589,0.20425870673756982,-0.5323406016909771,0.6032305806417183,8.227955777623574,-3.210653997621004,-0.8566347480170533,-0.53437963589009,-0.9023192320161696,-2.452058816450895,-14.813648101785759,-33.62818278875945,4.50330752546968,0.0,0.0,0.0,0.0,0.0,0.0,0.0,0.0,0.0,0.0,0.0,0.0,0.0,0.0,0.0,2461.660711238288,2333.4587856225926,1894.2438515693,2754.297727952073,2448.4128255741452,2340.38825595042,2258.9139599270975,2800.0,42.50321262019722,3.4623726095066427,-4.695651544798279,-1.930165973703239
701,7.019999999999895,10.963948663027303,6.095515652903034,0.3400410609492334,0.5665226535527549,0.20750156488547725,-0.5342502986957981,0.5920910419226708,8.090992829115292,-3.515707005502301,-0.825909191056352,-2.66524886728823,1.146505418511556,-2.6688266210315796,-15.170931994278547,-33.414192559912514,4.164655009045282,0.0,0.0,0.0,0.0,0.0,0.0,0.0,0.0,0.0,0.0,0.0,0.0,0.0,0.0,0.0,2350.5332092245326,2475.0876052262615,2756.2390688657215,1834.0634355594598,2360.4878753585676,2460.4762683530876,2800.0,2219.6493951782836,42.636499971915015,-6.0623680082208935,4.78259260286117,-2.200820581527696
702,7.0299999999998946,11.044166663958613,6.0588932485698,0.3319110127624348,0.5776918725369362,0.20881759013691525,-0.5350233357527031,0.5800149520954007,7.949787555780425,-3.8126930175724136,-0.7985495935390464,-0.28398261959353155,-0.7947812308401337,-2.9102152821426435,-15.461845801000962,-32.29912431056503,3.72797381719403,0.0,0.0,0.0,0.0,0.0,0.0,0.0,0.0,0.0,0.0,0.0,0.0,0.0,0.0,0.0,2455.255321326671,2353.606388647998,1708.9448904517694,2753.3314970593347,2450.053090229896,2350.095209896048,2142.216200597519,2800.0,42.493946174192544,3.452366306141064,-4.457410886150697,-2.3760202311804575
703,7.039999999999894,11.122965620135083,6.019323869346758,0.32403816441126826,0.5873440102844986,0.21393239347214907,-0.5355782850950682,0.5678167355237306,7.806769427328918,-4.107138470220839,-0.7740015847718816,-2.54664529584988,1.0882977951495763,-3.1613240813371584,-15.877354708918823,-32.4325074455496,3.577138488402465,0.0,0.0,0.0,0.0,0.0,0.0,0.0,0.0,0.0,0.0,0.0,0.0,0.0,0.0,0.0,2360.39903176592,2458.355904174892,2747.286488095757,1754.6165423459383,2357.207896578804,2454.1048153951124,2800.0,2189.277811457803,42.09755809972682,-6.93816737117201,5.639465690004512,-2.7257939238889137
704,7.049999999999894,11.200306553955821,5.976819643744011,0.31640637236037783,0.5995190683693673,0.2167570590665414,-0.5351620037532184,0.5542516520004157,7.658068705819893,-4.398590126700878,-0.7503701797189186,-0.1901431941960527,-0.7378115022311598,-3.405853356130967,-16.382616557939933,-31.946577190211656,3.4406923017921143,0.0,0.0,0.0,0.0,0.0,0.0,0.0,0.0,0.0,0.0,0.0,0.0,0.0,0.0,0.0,2447.7876710879223,2352.315797002887,1739.8709695030311,2749.49307981119,2446.009912245565,2345.3849633927834,2172.321921558426,2800.0,41.62101456529718,4.522964318975934,-5.333319222246267,-2.8588150619955432
705,7.059999999999894,11.276155805317018,5.93142489688532,0.30899611135002486,0.610419034911627,0.22280552710590837,-0.5345908697511239,0.5403322134459069,7.509755476588264,-4.683290555302631,-0.7307596882894338,-2.7078222445898614,1.2936739020630723,-3.6711187489037433,-16.178624165664957,-30.74070591131317,2.8293648555921536,0.0,0.0,0.0,0.0,0.0,0.0,0.0,0.0,0.0,0.0,0.0,0.0,0.0,0.0,0.0,2347.2385201590173,2444.1867686780815,2748.780658483626,1532.956082342404,2338.2058305205323,2443.630807908158,2800.0,2041.6972434778352,42.10792200061788,-6.92131889415737,5.888783167901085,-3.10976593728612
706,7.069999999999894,11.35051637009863,5.883242545737311,0.3017626512835444,0.6245488916779031,0.22554839959486106,-0.5327985842400226,0.5245877142822991,7.359991617962223,-4.955444119278746,-0.7147472064042775,-0.2031816537581353,-0.5618717735711968,-3.955803908122536,-16.236564323700797,-29.227625787455302,2.4283089366958777,0.0,0.0,0.0,0.0,0.0,0.0,0.0,0.0,0.0,0.0,0.0,0.0,0.0,0.0,0.0,2421.14086386809,2319.4431586685287,1364.2263225470745,2738.783720407764,2425.704983077157,2302.385674097514,1901.3353165868446,2800.0,40.93994395865235,5.802938738552861,-4.470880255709819,-3.178591930311431
707,7.0799999999998935,11.423377757449284,5.832372129036102,0.29467538852835184,0.6363111471408771,0.23336034145417942,-0.5307184485051506,0.5089096221107786,7.209124100914934,-5.223770211500143,-0.7008444565226472,-2.4925084744266606,1.282943094814999,-4.25241290958688,-16.654427642622593,-29.431275378384747,2.4154706762858913,0.0,0.0,0.0,0.0,0.0,0.0,0.0,0.0,0.0,0.0,0.0,0.0,0.0,0.0,0.0,2327.7457339959124,2431.7918038723656,2730.6316682119277,1437.4263696029864,2317.0627896078813,2433.377688546349,2800.0,1972.7910718676817,42.96714113154841,-5.5590702751398915,4.36860183458753,-3.415068410000722
708,7.089999999999893,11.494715354024528,5.778845905099601,0.28772324265386146,0.6514431383664443,0.2382667120571935,-0.5258144347923295,0.4923108688265528,7.056159971055021,-5.483831207286454,-0.6881152706221586,0.4872651382560501,-0.12845806627506406,-4.524693679096666,-16.544401261843866,-28.00619363502843,2.1790025330928886,0.0,0.0,0.0,0.0,0.0,0.0,0.0,0.0,0.0,0.0,0.0,0.0,0.0,0.0,0.0,2321.9595853117703,2335.646808759913,1334.7364056780184,2734.1682737583424,2353.899150638915,2291.9284693802424,1886.9147558021718,2800.0,40.52299670498164,6.64554594033744,-2.389432490833964,-3.43987976594654
709,7.099999999999893,11.564511348477335,5.722715565883574,0.28090610124209575,0.6638170385751263,0.24862645387642004,-0.5204143317555481,0.4761310208688487,6.897400211389419,-5.752192505433516,-0.671252600459452,-1.8676019840768907,1.1739283731594066,-4.7812730385616815,-18.084060828360116,-30.62114069270727,3.2692533603346785,0.0,0.0,0.0,0.0,0.0,0.0,0.0,0.0,0.0,0.0,0.0,0.0,0.0,0.0,0.0,2368.5058958148015,2397.271388902964,2729.206884926163,1797.6628936264242,2341.9391063671915,2423.6479012364944,2800.0,2245.7571592939416,42.15722957102244,-7.000905885836016,2.8931477858699655,-3.700553692898314
710,7.109999999999893,11.632695245581287,5.6638897558967045,0.27427290361768386,0.6781085215780648,0.25801945228673523,-0.5116435088021237,0.46023441321300135,6.7369859491881465,-6.016782829182545,-0.653207974537727,1.75356187997153,0.23199469473731477,-4.952133156885356,-17.461213194411407,-29.07189361835094,3.0168998874802178,0.0,0.0,0.0,0.0,0.0,0.0,0.0,0.0,0.0,0.0,0.0,0.0,0.0,0.0,0.0,2205.8609021204134,2378.065366335632,1729.229372170083,2751.5728320902454,2280.5729643916065,2309.609224519906,2169.9773927123483,2800.0,38.89951861697593,9.295037818895285,0.2930499646735223,-3.6306385050364067
711,7.119999999999893,11.699318021402101,5.602478243607138,0.26780386266871853,0.6900595938850024,0.2706217374732642,-0.5035273904152348,0.44389390533757167,6.582387674344576,-6.275184936071371,-0.6364416292398083,-1.9788886365442173,0.8374766443257906,-5.085536365930632,-17.740944035312012,-29.84638368849346,3.41864159144456,0.0,0.0,0.0,0.0,0.0,0.0,0.0,0.0,0.0,0.0,0.0,0.0,0.0,0.0,0.0,2466.448569475785,2181.382838117981,2748.2665176645405,1814.0782292417862,2384.2875047686707,2328.3504283777447,2800.0,2250.021407071316,41.322683575897436,-8.20040545661428,0.547445814650864,-3.7596239715001545
712,7.129999999999892,11.764443528311599,5.538590404841295,0.26146638459379073,0.7036187591743491,0.2815324000803837,-0.49248635077816255,0.42792212345254677,6.439168421193009,-6.5087957817133075,-0.6277262572931022,2.993208932602455,0.9926814121363006,-5.096765453269612,-16.35065480624931,-27.25546175203153,2.6882194373866186,0.0,0.0,0.0,0.0,0.0,0.0,0.0,0.0,0.0,0.0,0.0,0.0,0.0,0.0,0.0,1770.8325359759624,2502.8631861832882,1759.8416723523715,2734.884696318761,2119.6663986597932,2366.82540480474,2215.2042591609556,2733.12536978051,39.59078864574291,9.191525576633037,2.8680507493377028,-3.4578698388867104
713,7.139999999999892,11.828193620574488,5.472429590051081,0.25519935776986213,0.7147201433384859,0.29613966175553613,-0.47970243919258443,0.41395891979061844,6.304964067644649,-6.735640163672376,-0.6200001465805711,-1.6892129497535768,0.714261524065976,-5.050739471108333,-16.320568630519894,-28.216092054730524,3.3069358529993487,0.0,0.0,0.0,0.0,0.0,0.0,0.0,0.0,0.0,0.0,0.0,0.0,0.0,0.0,0.0,2639.3833814036625,1636.2540503940672,2737.020014768004,1884.5119262409207,2550.2955688285306,2103.5224545151004,2751.318415555052,2318.0226146560326,40.99963472750741,-8.358616933242054,-2.9796897025164957,-3.413764148675358
714,7.149999999999892,11.890591896518867,5.403982829669399,0.24902766029570433,0.7265883964748464,0.30675978957791633,-0.46918062661185694,0.39728739373195454,6.169149725140572,-6.964020450366091,-0.6093352049195017,2.889008774757334,1.1754274286702322,-4.932361573425907,-16.01228639379304,-27.59066001646726,3.2915903631515198,0.0,0.0,0.0,0.0,0.0,0.0,0.0,0.0,0.0,0.0,0.0,0.0,0.0,0.0,0.0,1312.0976568043643,2673.8851416247226,2089.510629541473,2645.3643888953784,1869.749901330232,2604.5424906264443,2442.9401570573873,2573.6609755906225,40.07701183471718,10.0,6.222047481941418,-3.178624683863629
715,7.159999999999892,11.951631912361506,5.333209568591813,0.24298959562047046,0.7364481405145192,0.32076718801124543,-0.4547203714950225,0.38468419668020415,6.034504417770379,-7.200823101414169,-0.59325168226685,-1.202511228913937,0.49313491166312395,-4.685786204313464,-15.4028493347651,-27.705202148951003,3.5679226844402834,0.0,0.0,0.0,0.0,0.0,0.0,0.0,0.0,0.0,0.0,0.0,0.0,0.0,0.0,0.0,2728.113110699908,868.8040564886937,2651.931773537224,2237.159214085503,2800.0,1485.2049172964903,2581.1463626700147,2487.517397958854,40.07877054407627,-9.99999999999974,-5.242573985599281,-3.3127994456151733
716,7.169999999999892,12.011313684401564,5.260036176865859,0.23713740938337835,0.7460678210902157,0.3298417348849952,-0.44580462211441413,0.3685722115992724,5.897952258922123,-7.441253696709182,-0.5735258128705443,2.3005814914065117,1.197293402347674,-4.332521935136163,-15.009701344322224,-26.82766309978568,3.3171455518355986,0.0,0.0,0.0,0.0,0.0,0.0,0.0,0.0,0.0,0.0,0.0,0.0,0.0,0.0,0.0,354.9391661417201,2706.6957118235205,2321.5679252057207,2586.985688753824,853.5954139809073,2800.0,2509.303967196508,2489.9570443857815,36.14969791887328,10.0,7.2047473272115425,-2.771896309457373
717,7.179999999999891,12.069674693546682,5.18450945466594,0.23146448760878627,0.7546267045700253,0.3409988765548803,-0.4311326742979322,0.3583056238615391,5.770765286981599,-7.672925278777242,-0.5564030585133782,-1.0216761173635152,0.8296009232532684,-3.9454602898390085,-14.047119449821288,-26.15733155656841,3.281969278994712,0.0,0.0,0.0,0.0,0.0,0.0,0.0,0.0,0.0,0.0,0.0,0.0,0.0,0.0,0.0,2681.8687138310047,130.77197968987184,2571.176622901263,2267.8118370740654,2800.0,0.0,2468.5300144669627,2449.2896110083993,38.58264151487644,-9.999999999999954,-7.583989332840087,-3.3818595383395134
718,7.189999999999891,12.126789687674027,5.1067044197543865,0.22595823692035372,0.7626164016956702,0.3475782970726835,-0.42268328431533875,0.34488315764792016,5.648450220930467,-7.8955944742884485,-0.540935547633866,2.011912876170867,1.2770304274609432,-3.56672148726902,-13.427861780346717,-24.823135879739056,2.8421087632571895,0.0,0.0,0.0,0.0,0.0,0.0,0.0,0.0,0.0,0.0,0.0,0.0,0.0,0.0,0.0,129.57248184345508,2671.038243813351,2254.53080475522,2418.81970517679,0.0,2800.0,2399.4388789662858,2306.948298465979,33.42722512356898,10.0,7.537011434676209,-2.3565187910730208
719,7.199999999999891,12.182692727740998,5.026661454079756,0.2206184825725683,0.76906126982549,0.35692327138037633,-0.40927123254621917,0.33711659676087397,5.529194503591865,-8.121093500224282,-0.5226508808775587,-0.6399520022399376,0.52652596641233,-3.1737828741936545,-12.905674480827578,-24.968421931740536,3.1361704128065604,0.0,0.0,0.0,0.0,0.0,0.0,0.0,0.0,0.0,0.0,0.0,0.0,0.0,0.0,0.0,2670.980290971691,129.04921578181632,2371.4733547094775,2312.0902291173506,2800.0,0.0,2284.8330150479724,2405.2462757862017,37.89771602597214,-10.0,-8.906687354628577,-3.353091457002323
720,7.209999999999891,12.237426552135394,4.944392680579362,0.21545671157634377,0.7742249745548857,0.36332623211719567,-0.4023227810929675,0.3266590235163088,5.4150619237001365,-8.338169343844157,-0.506900363084115,2.1579428219733923,1.1567722639388376,-2.8221674059135706,-12.227492514714555,-23.649867044341022,2.5439785431404793,0.0,0.0,0.0,0.0,0.0,0.0,0.0,0.0,0.0,0.0,0.0,0.0,0.0,0.0,0.0,129.04641583359918,2670.9550097631363,2205.748690411567,2279.620571284735,0.0,2800.0,2287.857601265836,2190.646011047759,33.32646435094582,10.0,7.537330671146005,-2.2900532972818963
721,7.2199999999998905,12.29104211505744,4.859961136204814,0.21044923848595784,0.7780679185723259,0.37245805786396907,-0.39043562330624076,0.3216291859800601,5.305525908639682,-8.555918560521704,-0.49054695987709446,-0.2223958448715052,0.17792429462619164,-2.4714487397830247,-11.794122733690848,-24.094508436853346,2.845324563674423,0.0,0.0,0.0,0.0,0.0,0.0,0.0,0.0,0.0,0.0,0.0,0.0,0.0,0.0,0.0,2670.9548744857316,129.04519439090907,2263.762201154503,2272.7874842886276,2800.0,0.0,2197.184696683976,2335.552448854474,36.92810628872887,-9.999999999999996,-9.89335046113078,-3.281122444590171
722,7.22999999999989,12.343585013693765,4.773374267742014,0.20559712443682987,0.7807989821723754,0.37890903020243816,-0.38508520760999926,0.3138316095449822,5.20071223660129,-8.767172316532656,-0.4771493379383327,2.3506185320980313,0.9813444862518801,-2.1552546645201787,-11.234332267668456,-23.104886209099007,2.2808907207979567,0.0,0.0,0.0,0.0,0.0,0.0,0.0,0.0,0.0,0.0,0.0,0.0,0.0,0.0,0.0,129.04518785508242,2670.9548154726413,2169.8526335105635,2206.8901658410678,0.0,2800.0,2235.3750437985254,2130.6110232976484,36.25845785152798,10.0,7.302739638992264,-2.3524371007342872
723,7.23999999999989,12.395106426549749,4.684688305114261,0.2008675999763744,0.7822707199481476,0.3881743660797576,-0.3748127305028153,0.31126933559766046,5.101500947396249,-8.977413098935374,-0.4651454233103862,0.13910824681205725,-0.1391710372931238,-1.8505298235930892,-10.648625053297778,-23.292504539961456,2.313623594151437,0.0,0.0,0.0,0.0,0.0,0.0,0.0,0.0,0.0,0.0,0.0,0.0,0.0,0.0,0.0,2670.9548151568674,129.0451850039091,2167.6404111746506,2212.8418198964364,2800.0,0.0,2109.4525381115527,2263.5232917112394,38.02036039751363,-10.0,-8.614619600610617,-2.4399258250321805
724,7.24999999999989,12.445644376792977,4.59388465259609,0.1962624185218825,0.7828375626226801,0.39485874731713494,-0.3710908615762933,0.30584880687798766,5.003143484095664,-9.191158837742735,-0.45235689857156436,2.579670340590146,0.7675926677293132,-1.5320444118230636,-10.66811424466696,-23.75742657592106,2.3486536270564407,0.0,0.0,0.0,0.0,0.0,0.0,0.0,0.0,0.0,0.0,0.0,0.0,0.0,0.0,0.0,129.04518498865266,2670.9548150191154,2211.9505929370675,2229.2393352868157,0.0,2800.0,2273.0592000237275,2164.988822637685,40.822164997380526,8.264707257070516,6.533408213690327,-2.45841672651403
725,7.25999999999989,12.495213055280354,4.500923530542435,0.1917855309457146,0.7830041997792208,0.40293461012626586,-0.36209826152137164,0.30566807503188304,4.9085609037979205,-9.409050726314609,-0.4392503289419209,-0.07830292157591251,0.014117654038835026,-1.2001346883385196,-10.157048045498662,-24.18030102424673,2.4595046581944446,0.0,0.0,0.0,0.0,0.0,0.0,0.0,0.0,0.0,0.0,0.0,0.0,0.0,0.0,0.0,2670.9548150183778,129.0451849819973,2272.5350396253407,2206.8888750495844,2800.0,0.0,2195.3387403510155,2284.6319501365106,39.12427704941167,-9.828263969667063,-7.411114024081588,-1.6228509888962352
726,7.269999999999889,12.543837284613211,4.405749848571802,0.18745455143823858,0.7834619903596411,0.40681506348760615,-0.3592470777005375,0.3027050560279903,4.812909797487552,-9.635146779052008,-0.4225328023111226,2.180071696747172,1.0003028943556793,-0.8418281810380909,-10.62899427882158,-25.76416629767131,3.1396457429015423,0.0,0.0,0.0,0.0,0.0,0.0,0.0,0.0,0.0,0.0,0.0,0.0,0.0,0.0,0.0,848.0765418362575,2670.9548150180563,2311.810310970127,2283.419189534519,1481.0844273315738,2800.0,2368.1151822510033,2224.547906626201,44.417793418936505,3.5749945579824107,1.9183310834993819,-2.20872027188788
727,7.279999999999889,12.59149499223696,4.308235418525682,0.1833251070240081,0.7839947344941384,0.41078580458671865,-0.35240302771096205,0.3040055675405548,4.717797270890348,-9.872331343452668,-0.4010212951586298,-0.955607926884808,-0.01827527258550876,-0.5257812753353767,-9.920323880321824,-25.25103903759529,2.944592891179487,0.0,0.0,0.0,0.0,0.0,0.0,0.0,0.0,0.0,0.0,0.0,0.0,0.0,0.0,0.0,2705.6942774497525,129.04518498194614,2327.2427851685457,2249.707187646888,2800.0,0.0,2252.905477171091,2322.5297011966877,40.90933354943118,-6.625509485666065,-5.402655740993894,-1.1299383578143785
728,7.289999999999889,12.638195261414293,4.20831935952762,0.17943092234821964,0.7849983146245262,0.4098653284690806,-0.3537501701344015,0.30107951721342363,4.61481879559958,-10.130573836596273,-0.36825467497293063,0.6268353122184432,0.05412916458462405,-0.24251525988157271,-12.495883108761596,-31.795828980460072,6.152178673799802,0.0,0.0,0.0,0.0,0.0,0.0,0.0,0.0,0.0,0.0,0.0,0.0,0.0,0.0,0.0,2049.4192997258297,2670.954815018054,2344.2464962548,2401.0996164555254,2419.0003306597705,2800.0,2406.526207551705,2348.960242152717,40.19876840473168,-5.052641120668522,-5.865491160581883,-0.5512969701827543
729,7.299999999999889,12.68379262786708,4.105626420083104,0.17595685852173593,0.7855657923119336,0.4082468362833466,-0.35696424312492525,0.29798898594446704,4.503144075735749,-10.410660265457675,-0.32529288197063677,-2.4135415780004985,-1.7557331582093443,-0.057787660422000335,-12.223080266585917,-30.226887759965848,5.371362418829572,0.0,0.0,0.0,0.0,0.0,0.0,0.0,0.0,0.0,0.0,0.0,0.0,0.0,0.0,0.0,2763.7362546284394,1686.483222385402,2329.497017946758,2363.9183883730425,2800.0,2105.7434427928847,2294.8104836349144,2392.6583551649446,42.039085445553646,4.665164750507872,0.387468560816556,-1.2145861009879668
730,7.309999999999889,12.728156914415512,3.9999325990678645,0.1730080570239018,0.7868451050456101,0.4002861872950713,-0.37218746770773836,0.28656977825276525,4.365715987599493,-10.731063477379518,-0.2633204646379708,-3.5722116170072833,-3.5704930495414966,-0.07785282267456192,-14.758187713194815,-32.542269778685906,6.340859680974364,0.0,0.0,0.0,0.0,0.0,0.0,0.0,0.0,0.0,0.0,0.0,0.0,0.0,0.0,0.0,2662.732231472541,2193.3285847804245,2313.185220659129,2422.2245574010108,2644.6976055822633,2233.126294347636,2337.670651370221,2403.4426113661543,37.529190488666494,-9.569029469773323,-8.062795001176877,0.43645433383546073
731,7.319999999999888,12.771141685797732,3.8912242130611614,0.1705749611257499,0.7847554014933953,0.3970875884635267,-0.3871155093810501,0.2768067725179625,4.227501455998497,-11.014268414341943,-0.22250977913749834,-0.02312498918612521,-2.2982959999814363,0.07236740991762906,-15.354069008394866,-30.687027208822215,4.906972594218462,0.0,0.0,0.0,0.0,0.0,0.0,0.0,0.0,0.0,0.0,0.0,0.0,0.0,0.0,0.0,1851.0657284783472,2770.6891241438916,2281.581500816056,2437.6832806117895,2198.722681702963,2800.0,2337.61401221219,2384.0015459415094,40.22820159912955,6.515163204164427,6.713355500114368,0.16851841248362942
732,7.329999999999888,12.8127530123318,3.7797929912352988,0.16847112687870897,0.7822011661745005,0.39447353944261027,-0.40015142411421306,0.269129708680105,4.093756231811841,-11.270874257161378,-0.19952644467746652,-3.7366582758825255,-3.7999287594944846,0.3012893270831091,-14.36555611913004,-26.635777805575245,2.5515957288794464,0.0,0.0,0.0,0.0,0.0,0.0,0.0,0.0,0.0,0.0,0.0,0.0,0.0,0.0,0.0,2754.1529501301607,1026.7388625727774,2376.094736299985,2296.8781351574603,2800.0,1595.6938559203952,2298.5557541031267,2382.475185779003,38.17103346551466,-10.0,-9.380078702985106,0.8611810316294936
733,7.339999999999888,12.8530095369241,3.665893980244943,0.16653478134724078,0.7807802928100784,0.38576074537844934,-0.41823087875435855,0.2581738052956355,3.9536019595223304,-11.51152391153545,-0.1871403587572117,-1.515017930095691,-1.9213864484390004,0.6563810638594192,-15.205185851110414,-25.138533800321383,1.568622330869629,0.0,0.0,0.0,0.0,0.0,0.0,0.0,0.0,0.0,0.0,0.0,0.0,0.0,0.0,0.0,133.06484067785195,2714.3262139015087,2462.8380245416265,2287.5085044422735,0.0,2800.0,2480.11047815605,2261.390929203425,37.69525553187756,8.784443926048045,8.238988407187556,0.9957171535535579
734,7.349999999999888,12.89186723458201,3.549693215711531,0.1646648924645345,0.7792691912406021,0.37861174715278695,-0.4302375486871244,0.25355142318832763,3.8135050658694487,-11.733895307824662,-0.18480210228640687,-3.5489011296223563,-3.1368620271535175,1.0696525790949774,-15.51220915711049,-24.046714489953658,0.9468240178544807,0.0,0.0,0.0,0.0,0.0,0.0,0.0,0.0,0.0,0.0,0.0,0.0,0.0,0.0,0.0,2671.149021677757,338.06755176451145,2315.3326562235256,2367.175464601638,2800.0,791.6010627380684,2278.5090435091643,2386.4224950255966,40.73513271119344,-9.99999999999999,-8.048929913467223,0.19050511370377843
735,7.3599999999998875,12.929285957904822,3.431301408871724,0.16279678724793,0.7766913372613106,0.36789266313050867,-0.44799591066731875,0.24638429142974855,3.6650629773585655,-11.949049092858694,-0.18731190790756463,-1.3915766362144426,-1.8160961360615242,1.4490772444749076,-16.390125382237386,-23.084542675981368,0.2910984756127055,0.0,0.0,0.0,0.0,0.0,0.0,0.0,0.0,0.0,0.0,0.0,0.0,0.0,0.0,0.0,129.05456793151345,2681.05357439622,2344.1066488038796,2265.146844808335,0.0,2800.0,2370.932421513879,2221.707781150545,38.54327007995418,10.0,3.5562257060816176,0.5252891632286751
736,7.369999999999887,12.965200004381323,3.310803100271642,0.16087494248834075,0.7744072316274109,0.35831032475078173,-0.46034353458312566,0.24493056352295767,3.511800502230965,-12.1574325281669,-0.19437477933560213,-3.752823888540375,-2.720555920904666,1.8218474783952547,-17.435286951177353,-23.286158288003733,0.2728929288748627,0.0,0.0,0.0,0.0,0.0,0.0,0.0,0.0,0.0,0.0,0.0,0.0,0.0,0.0,0.0,2670.9552683482475,854.9971367963399,2312.422892257801,2283.4302838149038,2800.0,1490.917391991596,2254.371147090524,2331.9712126739237,40.939774667823016,-9.999999999999986,-9.67461280204848,0.8730055387400034
737,7.379999999999887,12.999566559841638,3.188277775809666,0.15885355009306726,0.7686328668331575,0.34908544519396795,-0.4783428622858936,0.241931755000681,3.356241107304541,-12.35243312672794,-0.20870706395859415,0.398227376795372,-2.5150883255131693,2.0540823405677378,-17.23089791630228,-21.28188100093098,-0.9630626023085231,0.0,0.0,0.0,0.0,0.0,0.0,0.0,0.0,0.0,0.0,0.0,0.0,0.0,0.0,0.0,129.04520688425538,2706.0286408211537,2026.8152470881462,2372.517250444124,0.0,2800.0,2207.2674140263002,2256.3568908937596,36.37889746843091,9.318417566772453,9.999999999999998,1.5155358266096375
738,7.389999999999887,13.03236781382818,3.0638283976217777,0.1566526602105735,0.7607472757468662,0.3453025683193653,-0.49169542999525867,0.2454899649222941,3.196634560641519,-12.54667236178426,-0.22888683982075297,-2.2443319014104657,-3.209532530951397,2.386008238892057,-18.17513287206518,-22.08945126040973,-1.2542988034844604,0.0,0.0,0.0,0.0,0.0,0.0,0.0,0.0,0.0,0.0,0.0,0.0,0.0,0.0,0.0,2670.9548160762474,352.365109227411,2326.8484503966392,2263.0614208387715,2800.0,847.8301315011088,2238.3029228525243,2379.792082351394,40.67448969528332,-10.0,-5.045003229326234,0.9018973523248505
739,7.399999999999887,13.063522572912726,2.937413900423819,0.1542350108415319,0.7539804307225437,0.33476449999506885,-0.5091122057594717,0.24546079437911184,3.0299293592790013,-12.739731435755512,-0.25415864881351086,-0.7091750858729164,-1.3593465104098872,2.7037307151400074,-18.11773076560108,-20.659731860554587,-2.2362720377938627,0.0,0.0,0.0,0.0,0.0,0.0,0.0,0.0,0.0,0.0,0.0,0.0,0.0,0.0,0.0,129.04518503307185,2681.744350195651,2336.882410538961,2056.432705576996,0.0,2800.0,2329.0036281882117,2044.1125430813513,37.70177021923885,9.999999999997875,0.22605125076136012,1.523441680834615
740,7.4099999999998865,13.093008307160455,2.80910835894236,0.15153725964730538,0.7508803629971621,0.3218370971180824,-0.5196478456402445,0.25013132531793947,2.8585687954629524,-12.930648378547186,-0.2821786246342105,-3.7957930393206967,-1.5329253520826938,3.013587895676141,-20.216755466869074,-22.363706422238394,-1.6554015676993883,0.0,0.0,0.0,0.0,0.0,0.0,0.0,0.0,0.0,0.0,0.0,0.0,0.0,0.0,0.0,2670.954815020524,1235.088571104365,2371.3910163279265,2112.9911708621275,2800.0,1863.2412509649866,2288.5092939779993,2210.554198527081,32.50684579640123,-10.0,-2.04328569174384,-0.01420756288625058
741,7.419999999999886,13.12077590432254,2.678942920128013,0.14854395879513047,0.7446526292748671,0.3094668526639454,-0.5341580845253169,0.25376735320474886,2.6897995171892273,-13.106814828113869,-0.31546984098395636,1.3860872097257566,-1.9156603158945253,3.1062266287527764,-19.439403369605035,-20.305795806873306,-2.6089448956504446,0.0,0.0,0.0,0.0,0.0,0.0,0.0,0.0,0.0,0.0,0.0,0.0,0.0,0.0,0.0,1063.1781030315203,2724.3924742991826,1587.3215182050494,2525.65163929368,1682.1637451775755,2800.0,2022.5223056869934,2361.5156430629677,37.62350452881319,9.999999999999822,-0.08016282928582297,2.0988639396954945
742,7.429999999999886,13.146912152254208,2.5470948138335574,0.14517308873073703,0.736355960730811,0.302785318309187,-0.5451660283031684,0.26247847854016043,2.532387337405668,-13.268467498275633,-0.3575445670454159,-3.046574867309577,-1.581603446356453,3.0919184295239845,-18.20952710582624,-18.81695666191696,-3.5136433994003013,0.0,0.0,0.0,0.0,0.0,0.0,0.0,0.0,0.0,0.0,0.0,0.0,0.0,0.0,0.0,2699.548640768315,1509.5765762784865,2336.6890142790435,1084.275809061414,2736.7332953467244,2078.3906688658117,2086.0705390245625,1617.9762919763407,39.93456922460543,-9.999999999999979,-0.6915058788329567,1.941945152197497
743,7.439999999999886,13.171476625427738,2.4136613593149447,0.14136188965986146,0.7302161266331767,0.2911517611497032,-0.5571980664092843,0.2674796724501168,2.370763309363059,-13.427911551576926,-0.40215301833837896,1.7338497051349742,-1.400291078667981,3.0372715175261513,-20.053246821003956,-20.080622778815282,-3.3653278282755883,0.0,0.0,0.0,0.0,0.0,0.0,0.0,0.0,0.0,0.0,0.0,0.0,0.0,0.0,0.0,1201.6064018580762,2737.654157051679,1397.8450103728478,2593.668200762811,1814.3236048620363,2800.0,1975.3617481752124,2497.560772750099,38.02330197357847,10.0,5.137042263135944,3.462405193711328
744,7.449999999999886,13.194391314718468,2.278599223223419,0.13710038513230138,0.7221396127174883,0.2854516247888472,-0.5656847985489943,0.2775472182174176,2.201813667759334,-13.596200364390747,-0.44743892051472695,-2.6488008652643504,-1.0978370093591623,3.023537197218991,-21.60067765227014,-21.95331781086196,-3.2319436858360695,0.0,0.0,0.0,0.0,0.0,0.0,0.0,0.0,0.0,0.0,0.0,0.0,0.0,0.0,0.0,2709.478456865555,1655.6824398298036,2677.604949303279,1362.5712905106868,2749.13466816929,2195.4549635761673,2634.838541195014,1936.4284239728527,40.77472473680799,-9.999999999999872,-4.9108674513117965,3.1195133420144203
745,7.459999999999885,13.215541710332351,2.141792198892942,0.13239486132717815,0.7171667614049327,0.2738562633248989,-0.5744461048448389,0.2840532626150882,2.020700220640633,-13.772473996560526,-0.491883278063044,1.6115018482885297,-0.10926611681966347,3.0816717442842942,-20.91485960581041,-20.549542692485545,-3.7171591737586995,0.0,0.0,0.0,0.0,0.0,0.0,0.0,0.0,0.0,0.0,0.0,0.0,0.0,0.0,0.0,327.11854510482664,2744.7131526149556,2076.109896334853,2442.025016706054,750.611517865517,2800.0,2419.9564485488972,2331.566599825609,39.553005537402385,9.999999999999908,0.4915246913421196,3.150372293817124
746,7.469999999999885,13.234892486846794,2.0032330760510058,0.1272397232558074,0.7127453207995728,0.2657131399218961,-0.5770905859299049,0.29724920619278367,1.8394373671161377,-13.950626590606696,-0.5359248364678768,-1.965067510541972,-0.18770441576348995,3.36812501523724,-21.39227443288183,-21.348574135828358,-3.392354442314116,0.0,0.0,0.0,0.0,0.0,0.0,0.0,0.0,0.0,0.0,0.0,0.0,0.0,0.0,0.0,2680.5245813253437,535.8268948629844,2518.203616539134,2173.2956217469346,2800.0,1093.3284709653733,2419.772631162919,2398.1120963983526,38.038310690412274,-7.311894599188211,3.3851688448501607,3.201018101136821
747,7.479999999999885,13.25245422238004,1.8629287122528908,0.12163892455296406,0.7055695558521313,0.2556047827338113,-0.5850359821466743,0.3075234893335848,1.6634389482888308,-14.120084486732704,-0.5819283233445236,2.5632854240243397,-0.8363838182712776,3.557650465565623,-21.671457882762144,-21.37466753017314,-3.546591706078517,0.0,0.0,0.0,0.0,0.0,0.0,0.0,0.0,0.0,0.0,0.0,0.0,0.0,0.0,0.0,1228.1982475335005,2690.608169205746,1797.0000656817667,2623.6495435777992,1863.6099161018433,2800.0,2196.772847146819,2508.476541551905,37.87852820901018,7.941748539701843,-10.0,2.489518229253568
748,7.489999999999885,13.268223035293943,1.720877232602407,0.11558207575070106,0.6975022270624526,0.24948308004943212,-0.589151382509031,0.3227219925875287,1.4812273058167928,-14.301008552714922,-0.6269105047529488,-1.4979757785867065,0.3550930911048684,3.531768620932138,-21.920556040575967,-22.242055267955863,-3.4727350750032304,0.0,0.0,0.0,0.0,0.0,0.0,0.0,0.0,0.0,0.0,0.0,0.0,0.0,0.0,0.0,2424.4864394856154,2095.5235452272373,2731.942117351934,1232.0002926661473,2316.11261099773,2426.268322439893,2725.0250033580037,1815.9081144276984,40.39924613535713,-9.999999999999998,4.7073629537037345,2.5023492306317583
749,7.4999999999998845,13.282007477938848,1.5768435736778768,0.10912127659345296,0.6922058384389462,0.23702332025087622,-0.5955616022968399,0.33162840764612855,1.2718698309038836,-14.509113324451175,-0.6643473191506016,0.7488930362490333,-1.7791406874004239,3.2036425892541827,-22.108964174576194,-21.978509021073123,-3.500478437073129,0.0,0.0,0.0,0.0,0.0,0.0,0.0,0.0,0.0,0.0,0.0,0.0,0.0,0.0,0.0,2510.756262546371,2278.091338126436,131.9917408978207,2724.243266435353,2542.645124795707,2247.771307381531,0.0,2800.0,39.871078749005136,9.99999999999993,-6.709650389645404,2.3128713360081936
750,7.509999999999884,13.29374660137121,1.430783494821114,0.10225858635650927,0.6812150380423162,0.23114121165612103,-0.6063157232519507,0.3389705827304339,1.0696209724252,-14.70988063827031,-0.7076559524924507,-2.0889208930204695,-1.2663038429717197,2.7479766072869483,-22.209688665629333,-22.15261562280446,-4.12606131256088,0.0,0.0,0.0,0.0,0.0,0.0,0.0,0.0,0.0,0.0,0.0,0.0,0.0,0.0,0.0,2512.7612101417835,2360.1780078592165,2671.0971756641743,228.32839535515035,2437.554352043652,2438.2558337482933,2800.0,369.95983412325097,37.37624467690315,-9.999999999999956,9.849047932726826,2.78635349744539
751,7.519999999999884,13.303515499589599,1.2827904763916484,0.094925203479451,0.6752052176037906,0.22169353574319628,-0.6138293301829435,0.3437490999805775,0.8766080177515705,-14.896086040722142,-0.7577818723015959,1.42638494118573,-1.425119657412938,2.373162424390331,-21.78199653277746,-21.200997172917013,-4.572207209229462,0.0,0.0,0.0,0.0,0.0,0.0,0.0,0.0,0.0,0.0,0.0,0.0,0.0,0.0,0.0,2198.9478708559054,2542.3103542095782,269.6133743257125,2675.7516090993963,2382.501337495571,2431.2001369184213,537.7187692163615,2800.0,40.98138074589521,9.02075652791324,-5.975383159267222,3.196876865029348
752,7.529999999999884,13.311345258751217,1.1329192615357617,0.08708007603889314,0.6665846290145715,0.2204622048884494,-0.6185804572522547,0.352731578516612,0.6860536533545972,-15.082589729757691,-0.8109716980221879,-0.5452153878847008,-0.011871836192457963,2.008468830032351,-20.3471317573356,-20.206155112166613,-5.14225337006502,0.0,0.0,0.0,0.0,0.0,0.0,0.0,0.0,0.0,0.0,0.0,0.0,0.0,0.0,0.0,2186.2880858244926,2345.738416063988,2677.7462619921657,129.27693850172352,2124.062506007427,2387.524832549236,2800.0,0.0,37.492537883508234,-9.971295688133159,10.0,2.9100474258234303
753,7.539999999999884,13.31729249631304,0.9812006836100408,0.07869345840889531,0.6636527484717991,0.21553843243103402,-0.6193405935808832,0.35989643334420385,0.4966634090043541,-15.268555353720398,-0.8647155845513855,2.1657821164002367,-0.6439350674438777,1.6381870628055233,-21.121487861045118,-21.10445839368147,-4.857881129081809,0.0,0.0,0.0,0.0,0.0,0.0,0.0,0.0,0.0,0.0,0.0,0.0,0.0,0.0,0.0,2260.6346499996152,2354.7818686193905,757.4935487214125,2670.9660120160947,2329.5521121886495,2285.133425144799,1379.6885266087365,2800.0,37.99249320545523,10.000000000000002,-8.95557817611676,2.3578481265513815
754,7.5499999999998835,13.321340434512411,0.8275934990101902,0.06977480134653104,0.6581558943266796,0.2162932446611756,-0.6198201334114212,0.36860690890817244,0.3112912567559983,-15.45578851822223,-0.9186398132335144,-0.38602597176679004,0.766811752018252,1.352825127175988,-19.39196421663797,-19.877274543759427,-5.188185790001687,0.0,0.0,0.0,0.0,0.0,0.0,0.0,0.0,0.0,0.0,0.0,0.0,0.0,0.0,0.0,2170.6525639559995,2233.5939460488885,2701.3178278606406,129.04572595653508,2109.357920373717,2277.823414752844,2800.0,0.0,40.0733350050613,-9.999999999999973,5.038127664525165,2.165138029184506
755,7.559999999999883,13.323593997415234,0.6721712629070152,0.060310539722676144,0.6579667382646345,0.21164503120247175,-0.6187740910819067,0.3733694903315792,0.13367041802192597,-15.634990473454062,-0.9725725241082219,1.5823995422623476,-0.5057644664708951,1.0258179246141141,-19.487880094100323,-19.904911338459286,-4.927296222152822,0.0,0.0,0.0,0.0,0.0,0.0,0.0,0.0,0.0,0.0,0.0,0.0,0.0,0.0,0.0,2280.7708264321823,2187.6392610899907,130.5121512469123,2670.9548411548367,2311.0167974642986,2149.0801739224858,0.0,2800.0,37.95914318910879,9.999999999999998,-8.0044567872511,1.2772530148232324
756,7.569999999999883,13.324086373785159,0.5149611790476585,0.050308341738009424,0.653038077974497,0.21228530968982667,-0.621801582407018,0.37661519900476326,-0.042221449982734666,-15.815559756268541,-1.026682836415057,-1.7537480457414918,-0.3282867486015001,0.6952082951490293,-19.814454054086504,-20.625305482733225,-5.0402322320712845,0.0,0.0,0.0,0.0,0.0,0.0,0.0,0.0,0.0,0.0,0.0,0.0,0.0,0.0,0.0,2409.181599947303,2129.416529247657,2671.025690396387,469.97490784182185,2303.9790222476213,2268.5725807586505,2800.0,995.4924568090969,36.58347288040559,-9.555050771167386,10.000000000000002,1.529391526170413
757,7.579999999999883,13.322794878901645,0.3559257811311157,0.039760983887861694,0.6522079596411445,0.20850802124212667,-0.6244663894147676,0.37575379033312756,-0.2221447781510152,-15.997785324781775,-1.0816937129778927,1.3216147172827186,-1.0303556361012696,0.3921539479305447,-19.804092256010737,-20.218844275859738,-5.1670774519883,0.0,0.0,0.0,0.0,0.0,0.0,0.0,0.0,0.0,0.0,0.0,0.0,0.0,0.0,0.0,2203.049485864957,2309.732333076698,129.04860927286106,2687.4265796862255,2326.418069908386,2209.989053755325,0.0,2800.0,38.42801313153242,10.000000000000002,-9.361599457006774,1.1498090832290897
758,7.589999999999883,13.319729012903826,0.19508881000193412,0.02865320433753212,0.648162284411736,0.21254601582365026,-0.6256208202425567,0.3785610036740222,-0.3948483909657225,-16.17482026638435,-1.1393337533408914,-0.4772604043327686,0.39714442360680685,0.07929966196284424,-18.67232153971371,-19.463140131986023,-5.530117668375301,0.0,0.0,0.0,0.0,0.0,0.0,0.0,0.0,0.0,0.0,0.0,0.0,0.0,0.0,0.0,2094.707541030787,2266.597086944241,2670.9549804601097,129.84100597698185,2054.43142358469,2288.587648793909,2800.0,0.0,38.82131965167716,-9.999999999999998,9.093320997936887,0.6415922912621272
759,7.599999999999882,13.314939748034924,0.032479294415514795,0.01696766819421689,0.6492511716977816,0.21229713643061243,-0.6246074024309736,0.37850816997900016,-0.5693056821644059,-16.354191870220635,-1.196335375542496,1.504819683805315,-0.8953923104697967,-0.24970087964884208,-19.259170221000765,-20.066685767396564,-5.3062365659508615,0.0,0.0,0.0,0.0,0.0,0.0,0.0,0.0,0.0,0.0,0.0,0.0,0.0,0.0,0.0,2281.548171091056,2201.808449977348,129.04519297515526,2670.9932645144436,2305.6770690453914,2171.8946934931846,0.0,2800.0,38.34038317070326,10.000000000000002,-9.536180875872565,0.4383184566230113
760,7.609999999999882,13.308394759475117,-0.1319518922797908,0.004714211189988565,0.646396689202393,0.21836736819939867,-0.6251189288402311,0.37909542004552815,-0.7450059188610667,-16.53912963954118,-1.2535750693287642,-0.6863922158209583,0.2257456490506004,-0.6029847115320471,-19.232605256798152,-20.591653903426987,-5.458553684867251,0.0,0.0,0.0,0.0,0.0,0.0,0.0,0.0,0.0,0.0,0.0,0.0,0.0,0.0,0.0,2253.724231559511,2284.7641466771306,2670.95481540424,129.0470426406178,2205.127722600868,2325.0048234505493,2800.0,0.0,37.44770846961455,-9.999999999999998,10.000000000000002,0.1435398280521052
761,7.619999999999882,13.300098764130578,-0.2982311084973003,0.0,0.648517977930601,0.21996655148998542,-0.6242047327411974,0.37604201912804747,-0.9191799637466627,-16.722419652828556,0.0,1.3602648817831136,-1.0130277291787848,-0.9488314828200318,-18.983878035246594,-20.20140423081429,0.0,0.0,0.0,0.0,0.0,0.0,0.0,0.0,0.0,0.0,0.0,0.0,0.0,0.0,0.0,0.0,2281.2990868439306,2206.3213534741535,129.0451850006043,2670.954904769444,2312.347255658047,2161.1864748505004,0.0,2800.0,38.51912301267167,9.99999999999997,-9.999999999999984,-0.2099090404971049
762,7.629999999999882,13.290084446404398,-0.46632992732387996,0.0,0.6469094096524313,0.228171730305698,-0.6239354284451107,0.3743667430788465,-1.0880790229924724,-16.903438261591106,0.0,-0.5313099814035038,0.3502174209365382,-1.275658383852549,-18.37407016795023,-20.02802456357955,0.0,0.0,0.0,0.0,0.0,0.0,0.0,0.0,0.0,0.0,0.0,0.0,0.0,0.0,0.0,0.0,2156.003555661107,2268.0426197562665,2670.9548150189557,129.04518931821735,2121.5785072831,2287.4210847707873,2800.0,0.0,38.106790756474105,-9.999999999999924,9.999999999999714,-0.634372361966072
763,7.6399999999998816,13.278382628453954,-0.6362434991484647,0.0,0.6503266725905109,0.2319393489762365,-0.6219605887302753,0.3693837887348653,-1.2581231311915808,-17.086058477782828,0.0,1.307763165876636,-1.0576881343265776,-1.6124059919436224,-18.722250385445836,-20.33949844437899,0.0,0.0,0.0,0.0,0.0,0.0,0.0,0.0,0.0,0.0,0.0,0.0,0.0,0.0,0.0,0.0,2302.615901420963,2188.601151217242,129.0451849819896,2670.9548152275574,2319.949263678651,2162.2553418958746,0.0,2800.0,33.07051102522233,9.999999999999998,-3.96771165145498,0.9827473579327431
764,7.649999999999881,13.26498249380005,-0.807993909500153,0.0,0.6497992433641616,0.24212979656322614,-0.6210367385544374,0.3653046321979524,-1.426645479610978,-17.27061643585622,0.0,-0.5488462399103274,0.33364987537110813,-1.9537637018931049,-18.392363379712506,-20.47853431741231,0.0,0.0,0.0,0.0,0.0,0.0,0.0,0.0,0.0,0.0,0.0,0.0,0.0,0.0,0.0,0.0,2185.5387028934924,2297.337758356793,2670.9548150180563,129.04518499206802,2156.6271573819085,2313.329689877463,2800.0,0.0,21.362061538656132,-9.999999999999998,9.999999999999996,1.7133238002263196
765,7.659999999999881,13.250025244565728,-0.9814427992888081,0.0,0.6553481091814625,0.2493057321154094,-0.6143158963762966,0.36191364603461557,-1.5672952192693304,-17.42254829525735,0.0,2.926471562664658,0.29078196917722143,-2.10371237568727,-15.50941663366423,-17.15600605469092,0.0,0.0,0.0,0.0,0.0,0.0,0.0,0.0,0.0,0.0,0.0,0.0,0.0,0.0,0.0,0.0,1747.2661931261057,2018.9935423126578,768.0096788041725,2670.954815018543,1866.0341800935707,1917.87330950541,1387.2899086440202,2800.0,25.089420327095816,10.000000000000002,-10.0,1.023076267686171
766,7.669999999999881,13.233809954249589,-1.1562533673912694,0.0,0.6575338895601294,0.2612486325240667,-0.6073702484219666,0.36124744624159116,-1.6732078376476471,-17.537335165652852,0.0,-0.11363079864320114,1.2703973365483296,-1.9576032076889784,-10.72722374577606,-11.843197366427916,0.0,0.0,0.0,0.0,0.0,0.0,0.0,0.0,0.0,0.0,0.0,0.0,0.0,0.0,0.0,0.0,1282.18111514283,1270.4249119577153,2701.825906823337,129.04518498196967,1160.9718235605642,1399.0082939723927,2800.0,0.0,37.734637619954974,-9.999999999999998,10.0,-1.9211207735222313
767,7.679999999999881,13.21660943789916,-1.3321300327559908,0.0,0.6637922179492401,0.2656984360879372,-0.6013951148035377,0.35652229711603245,-1.7743663751827765,-17.64754550941045,0.0,1.411986707774784,-0.38033073184708666,-1.8746357393372468,-12.181771651545548,-13.707980736349157,0.0,0.0,0.0,0.0,0.0,0.0,0.0,0.0,0.0,0.0,0.0,0.0,0.0,0.0,0.0,0.0,1714.3395080393395,1391.4256602190312,130.53669870213616,2670.9548150180553,1742.526619004978,1397.9531735941036,0.0,2800.0,24.356864274967222,9.999999999996655,-9.999999999999826,0.5126289165666371
768,7.6899999999998805,13.198206863624252,-1.509365986705316,0.0,0.665169730404653,0.27517618519812564,-0.5981396852412577,0.3522161464111171,-1.9197898984613815,-17.818071525434334,0.0,-0.6470231315604398,0.8404927747536464,-2.118660223238596,-17.771075214857213,-21.377559603379837,0.0,0.0,0.0,0.0,0.0,0.0,0.0,0.0,0.0,0.0,0.0,0.0,0.0,0.0,0.0,0.0,2258.0862944463656,2316.794675627683,2671.0268763883337,129.04518498194608,2262.9198155953845,2375.914256326738,2800.0,0.0,35.259300215907146,-9.999999999999998,10.0,-2.1289268582168117
